/*--------------------------------*- C++ -*----------------------------------*\
| =========                 |                                                 |
| \\      /  F ield         | OpenFOAM: The Open Source CFD Toolbox           |
|  \\    /   O peration     | Version:  2312                                  |
|   \\  /    A nd           | Website:  www.openfoam.com                      |
|    \\/     M anipulation  |                                                 |
\*---------------------------------------------------------------------------*/
FoamFile
{
    version     2.0;
    format      ascii;
    arch        "LSB;label=32;scalar=64";
    class       surfaceScalarField;
    location    "50";
    object      phi;
}
// * * * * * * * * * * * * * * * * * * * * * * * * * * * * * * * * * * * * * //

dimensions      [0 3 -1 0 0 0 0];

oriented        oriented;

internalField   nonuniform List<scalar> 
5100
(
1.11058e-07
-1.11141e-07
2.26264e-07
-1.15206e-07
2.34087e-07
-7.82285e-09
9.45789e-08
1.39508e-07
-1.99063e-07
2.93642e-07
-6.38003e-07
4.38939e-07
-1.20596e-06
5.67959e-07
-1.8835e-06
6.77541e-07
-2.65022e-06
7.6672e-07
-3.48585e-06
8.35631e-07
-4.37083e-06
8.84978e-07
-5.28658e-06
9.15747e-07
-6.21564e-06
9.2906e-07
-7.14171e-06
9.26074e-07
-8.04966e-06
9.07946e-07
-8.92546e-06
8.75799e-07
-9.75617e-06
8.30715e-07
-1.05299e-05
7.73742e-07
-1.12358e-05
7.05902e-07
-1.1864e-05
6.28203e-07
-1.24057e-05
5.41664e-07
-1.2853e-05
4.4733e-07
-1.31993e-05
3.46295e-07
-1.3439e-05
2.39721e-07
-1.35679e-05
1.2885e-07
-1.35829e-05
1.50206e-08
-1.34826e-05
-1.00325e-07
-1.32669e-05
-2.15641e-07
-1.29377e-05
-3.29274e-07
-1.24982e-05
-4.39479e-07
-1.19537e-05
-5.44433e-07
-1.13115e-05
-6.42255e-07
-1.05805e-05
-7.31034e-07
-9.77159e-06
-8.08866e-07
-8.8977e-06
-8.73888e-07
-7.97338e-06
-9.24321e-07
-7.01487e-06
-9.58512e-07
-6.03989e-06
-9.74982e-07
-5.06742e-06
-9.72472e-07
-4.11743e-06
-9.49986e-07
-3.21058e-06
-9.06848e-07
-2.36783e-06
-8.4275e-07
-1.60999e-06
-7.57841e-07
-9.57145e-07
-6.52846e-07
-4.27849e-07
-5.29296e-07
-3.78362e-08
-3.90013e-07
2.02363e-07
-2.402e-07
2.9113e-07
-8.87665e-08
2.43609e-07
4.75211e-08
1.08879e-07
1.3473e-07
1.08879e-07
1.16591e-07
-2.27733e-07
1.32412e-07
-1.31027e-07
-1.15417e-07
2.40006e-07
-7.01032e-07
7.25123e-07
-1.64621e-06
1.23882e-06
-2.93956e-06
1.73229e-06
-4.55003e-06
2.17843e-06
-6.43573e-06
2.56324e-06
-8.54937e-06
2.88035e-06
-1.08416e-05
3.12784e-06
-1.3263e-05
3.30641e-06
-1.57656e-05
3.4183e-06
-1.83031e-05
3.46662e-06
-2.0832e-05
3.45495e-06
-2.33111e-05
3.38707e-06
-2.57022e-05
3.26685e-06
-2.79696e-05
3.09813e-06
-3.00806e-05
2.88475e-06
-3.20052e-05
2.63053e-06
-3.37163e-05
2.33931e-06
-3.51897e-05
2.01501e-06
-3.6404e-05
1.66165e-06
-3.73412e-05
1.28348e-06
-3.79864e-05
8.84962e-07
-3.83284e-05
4.70867e-07
-3.83597e-05
4.62941e-08
-3.80767e-05
-3.83304e-07
-3.74803e-05
-8.12117e-07
-3.65755e-05
-1.23399e-06
-3.53725e-05
-1.64248e-06
-3.38861e-05
-2.03086e-06
-3.21361e-05
-2.39227e-06
-3.01474e-05
-2.71979e-06
-2.79497e-05
-3.00653e-06
-2.55778e-05
-3.24582e-06
-2.30707e-05
-3.43135e-06
-2.04719e-05
-3.5573e-06
-1.78284e-05
-3.61856e-06
-1.51899e-05
-3.61091e-06
-1.26088e-05
-3.53115e-06
-1.01382e-05
-3.37743e-06
-7.83152e-06
-3.14941e-06
-5.74069e-06
-2.84868e-06
-3.91425e-06
-2.47928e-06
-2.39498e-06
-2.04857e-06
-1.21624e-06
-1.56876e-06
-3.96866e-07
-1.05957e-06
6.72202e-08
-5.52853e-07
2.15023e-07
-1.00282e-07
1.35526e-07
2.14227e-07
2.44405e-07
1.26146e-08
-2.40347e-07
-2.32234e-07
1.13822e-07
-8.89392e-07
8.97164e-07
-2.03503e-06
1.87076e-06
-3.69186e-06
2.89564e-06
-5.84462e-06
3.88505e-06
-8.45252e-06
4.78633e-06
-1.14587e-05
5.56947e-06
-1.47973e-05
6.21887e-06
-1.83975e-05
6.72803e-06
-2.21873e-05
7.09623e-06
-2.60954e-05
7.32638e-06
-3.00524e-05
7.42366e-06
-3.3992e-05
7.39459e-06
-3.78514e-05
7.24644e-06
-4.15715e-05
6.98692e-06
-4.50973e-05
6.62392e-06
-4.8378e-05
6.16545e-06
-5.13671e-05
5.61962e-06
-5.40224e-05
4.99468e-06
-5.63065e-05
4.29911e-06
-5.81866e-05
3.54168e-06
-5.96347e-05
2.73161e-06
-6.06283e-05
1.87861e-06
-6.11505e-05
9.93021e-07
-6.119e-05
8.58559e-08
-6.07422e-05
-8.31173e-07
-5.98086e-05
-1.74564e-06
-5.83982e-05
-2.64445e-06
-5.65267e-05
-3.51393e-06
-5.42177e-05
-4.33993e-06
-5.15019e-05
-5.10803e-06
-4.8418e-05
-5.80372e-06
-4.50118e-05
-6.41272e-06
-4.13364e-05
-6.92118e-06
-3.74517e-05
-7.31609e-06
-3.34234e-05
-7.5856e-06
-2.93226e-05
-7.71938e-06
-2.52244e-05
-7.70908e-06
-2.12069e-05
-7.54869e-06
-1.73492e-05
-7.2351e-06
-1.37299e-05
-6.76868e-06
-1.04245e-05
-6.15405e-06
-7.50266e-06
-5.40117e-06
-5.02417e-06
-4.52706e-06
-3.03453e-06
-3.55839e-06
-1.55828e-06
-2.53582e-06
-5.90412e-07
-1.52072e-06
-8.59057e-08
-6.04789e-07
5.32626e-08
7.50588e-08
2.97668e-07
-1.32528e-07
-1.07819e-07
-7.16912e-07
6.98206e-07
-1.86904e-06
2.04929e-06
-3.64579e-06
3.64752e-06
-6.05814e-06
5.30799e-06
-9.08111e-06
6.90802e-06
-1.26634e-05
8.36862e-06
-1.67357e-05
9.64177e-06
-2.12173e-05
1.07004e-05
-2.6021e-05
1.15318e-05
-3.10571e-05
1.21323e-05
-3.62356e-05
1.25049e-05
-4.14684e-05
1.26565e-05
-4.66707e-05
1.25968e-05
-5.17612e-05
1.2337e-05
-5.66637e-05
1.18894e-05
-6.13066e-05
1.12668e-05
-6.56237e-05
1.04826e-05
-6.95543e-05
9.55026e-06
-7.30436e-05
8.48393e-06
-7.60425e-05
7.29801e-06
-7.85084e-05
6.00757e-06
-8.04052e-05
4.62841e-06
-8.17038e-05
3.1772e-06
-8.23824e-05
1.67163e-06
-8.2427e-05
1.30486e-07
-8.18319e-05
-1.42631e-06
-8.05998e-05
-2.97769e-06
-7.87427e-05
-4.50156e-06
-7.62818e-05
-5.97489e-06
-7.32477e-05
-7.37399e-06
-6.9681e-05
-8.67472e-06
-6.56318e-05
-9.85297e-06
-6.11595e-05
-1.0885e-05
-5.63328e-05
-1.17479e-05
-5.12287e-05
-1.24202e-05
-4.59315e-05
-1.28827e-05
-4.05323e-05
-1.31186e-05
-3.51269e-05
-1.31146e-05
-2.98141e-05
-1.28614e-05
-2.46943e-05
-1.2355e-05
-1.98659e-05
-1.1597e-05
-1.54234e-05
-1.05966e-05
-1.1453e-05
-9.37159e-06
-8.02857e-06
-7.95147e-06
-5.20654e-06
-6.38043e-06
-3.01938e-06
-4.72298e-06
-1.46828e-06
-3.07182e-06
-5.15037e-07
-1.55803e-06
-7.40395e-08
-3.65939e-07
2.23628e-07
-2.88466e-07
1.80647e-07
-1.24669e-06
1.65643e-06
-2.93701e-06
3.73961e-06
-5.3843e-06
6.09481e-06
-8.57827e-06
8.50195e-06
-1.24783e-05
1.08081e-05
-1.70201e-05
1.29104e-05
-2.21215e-05
1.47432e-05
-2.76887e-05
1.62676e-05
-3.36206e-05
1.74637e-05
-3.98128e-05
1.83245e-05
-4.61603e-05
1.88523e-05
-5.25594e-05
1.90556e-05
-5.89098e-05
1.89472e-05
-6.51154e-05
1.85426e-05
-7.10852e-05
1.78592e-05
-7.67338e-05
1.69154e-05
-8.19819e-05
1.57307e-05
-8.67569e-05
1.43253e-05
-9.09929e-05
1.27199e-05
-9.46313e-05
1.09364e-05
-9.7621e-05
8.99728e-06
-9.99189e-05
6.92634e-06
-0.00010149
4.74868e-06
-0.00010231
2.49086e-06
-0.00010236
1.81045e-07
-0.000101636
-2.15098e-06
-0.000100139
-4.47382e-06
-9.78864e-05
-6.7546e-06
-9.4902e-05
-8.95921e-06
-9.12235e-05
-1.10526e-05
-8.6899e-05
-1.29991e-05
-8.19886e-05
-1.47634e-05
-7.65631e-05
-1.63105e-05
-7.0704e-05
-1.7607e-05
-6.45026e-05
-1.86216e-05
-5.80589e-05
-1.93264e-05
-5.14804e-05
-1.96971e-05
-4.48799e-05
-1.9715e-05
-3.8374e-05
-1.93674e-05
-3.20801e-05
-1.86489e-05
-2.61137e-05
-1.75634e-05
-2.05851e-05
-1.61252e-05
-1.55951e-05
-1.43616e-05
-1.12309e-05
-1.23157e-05
-7.56073e-06
-1.00506e-05
-4.62845e-06
-7.65526e-06
-2.44771e-06
-5.25256e-06
-9.96823e-07
-3.00892e-06
-2.14976e-07
-1.14779e-06
8.65256e-09
-4.42699e-07
6.23346e-07
-1.78269e-06
2.99643e-06
-4.02644e-06
5.98335e-06
-7.16036e-06
9.22873e-06
-1.11467e-05
1.24883e-05
-1.59244e-05
1.55859e-05
-2.1413e-05
1.83989e-05
-2.75164e-05
2.08466e-05
-3.41277e-05
2.28789e-05
-4.11329e-05
2.4469e-05
-4.84148e-05
2.56064e-05
-5.58553e-05
2.62928e-05
-6.33378e-05
2.65382e-05
-7.07492e-05
2.63586e-05
-7.79806e-05
2.5774e-05
-8.49287e-05
2.48073e-05
-9.14966e-05
2.34832e-05
-9.7594e-05
2.18281e-05
-0.000103138
1.98693e-05
-0.000108054
1.76356e-05
-0.000112274
1.51568e-05
-0.000115741
1.24642e-05
-0.000118405
9.59065e-06
-0.000120228
6.57097e-06
-0.000121179
3.44185e-06
-0.00012124
2.42153e-07
-0.000120404
-2.98709e-06
-0.000118675
-6.20271e-06
-0.00011607
-9.35964e-06
-0.000112618
-1.24112e-05
-0.000108361
-1.53094e-05
-0.000103354
-1.80058e-05
-9.76657e-05
-2.0452e-05
-9.13755e-05
-2.26007e-05
-8.45759e-05
-2.44066e-05
-7.73702e-05
-2.58273e-05
-6.98715e-05
-2.68251e-05
-6.2201e-05
-2.73676e-05
-5.44863e-05
-2.74297e-05
-4.68588e-05
-2.69948e-05
-3.94512e-05
-2.60566e-05
-3.23938e-05
-2.46207e-05
-2.58116e-05
-2.27075e-05
-1.98194e-05
-2.03537e-05
-1.45182e-05
-1.76169e-05
-9.99007e-06
-1.45787e-05
-6.29368e-06
-1.13516e-05
-3.46027e-06
-8.08597e-06
-1.49083e-06
-4.97837e-06
-3.55795e-07
-2.28282e-06
-3.47142e-07
-5.9019e-07
1.21354e-06
-2.30612e-06
4.71236e-06
-5.10149e-06
8.77871e-06
-8.92233e-06
1.30496e-05
-1.37e-05
1.7266e-05
-1.935e-05
2.12358e-05
-2.57726e-05
2.48216e-05
-3.28562e-05
2.79302e-05
-4.04801e-05
3.05028e-05
-4.85179e-05
3.25067e-05
-5.684e-05
3.39286e-05
-6.5317e-05
3.47697e-05
-7.38208e-05
3.5042e-05
-8.22271e-05
3.47649e-05
-9.04165e-05
3.39634e-05
-9.82753e-05
3.26661e-05
-0.000105697
3.09046e-05
-0.000112581
2.87126e-05
-0.000118837
2.61255e-05
-0.000124382
2.31806e-05
-0.000129142
1.99167e-05
-0.000133053
1.63747e-05
-0.00013606
1.25976e-05
-0.00013812
8.63068e-06
-0.0001392
4.52191e-06
-0.000139279
3.2194e-07
-0.000138351
-3.91581e-06
-0.000136418
-8.13527e-06
-0.0001335
-1.22779e-05
-0.000129628
-1.62832e-05
-0.000124848
-2.00892e-05
-0.000119221
-2.36331e-05
-0.00011282
-2.68525e-05
-0.000105734
-2.96864e-05
-9.80648e-05
-3.20762e-05
-8.99246e-05
-3.39675e-05
-8.1438e-05
-3.53117e-05
-7.27383e-05
-3.60674e-05
-6.39657e-05
-3.62023e-05
-5.52652e-05
-3.56953e-05
-4.67832e-05
-3.45386e-05
-3.86642e-05
-3.27398e-05
-3.10473e-05
-3.03243e-05
-2.40622e-05
-2.73388e-05
-1.78248e-05
-2.38543e-05
-1.24332e-05
-1.99703e-05
-7.9641e-06
-1.58208e-05
-4.46983e-06
-1.15802e-05
-1.97767e-06
-7.47053e-06
-4.91612e-07
-3.76887e-06
-8.38754e-07
-7.29586e-07
1.94312e-06
-2.80941e-06
6.79219e-06
-6.14537e-06
1.21147e-05
-1.06438e-05
1.75481e-05
-1.62041e-05
2.28263e-05
-2.27158e-05
2.77474e-05
-3.00585e-05
3.21643e-05
-3.81033e-05
3.5975e-05
-4.6715e-05
3.91145e-05
-5.57539e-05
4.15457e-05
-6.50791e-05
4.32538e-05
-7.455e-05
4.42406e-05
-8.40285e-05
4.45205e-05
-9.33804e-05
4.41168e-05
-0.000102477
4.30599e-05
-0.000111196
4.13848e-05
-0.000119421
3.91303e-05
-0.000127047
3.6338e-05
-0.000133973
3.3052e-05
-0.000140111
2.93186e-05
-0.000145381
2.51864e-05
-0.000149712
2.07066e-05
-0.000153048
1.59328e-05
-0.000155339
1.09219e-05
-0.000156551
5.73381e-06
-0.000156661
4.31856e-07
-0.000155659
-4.91729e-06
-0.000153551
-1.02437e-05
-0.000150354
-1.54744e-05
-0.000146104
-2.0534e-05
-0.000140847
-2.53454e-05
-0.00013465
-2.98306e-05
-0.000127591
-3.39118e-05
-0.000119764
-3.75132e-05
-0.000111278
-4.05619e-05
-0.000102255
-4.29903e-05
-9.28295e-05
-4.47377e-05
-8.31442e-05
-4.57526e-05
-7.33517e-05
-4.59948e-05
-6.36091e-05
-4.54379e-05
-5.40762e-05
-4.40715e-05
-4.49117e-05
-4.19043e-05
-3.62694e-05
-3.89666e-05
-2.82945e-05
-3.53137e-05
-2.11197e-05
-3.10291e-05
-1.48613e-05
-2.62288e-05
-9.61631e-06
-2.10657e-05
-5.46086e-06
-1.57357e-05
-2.44994e-06
-1.04814e-05
-6.20598e-07
-5.59821e-06
-1.45935e-06
-8.61179e-07
2.8043e-06
-3.29084e-06
9.22185e-06
-7.15219e-06
1.5976e-05
-1.23139e-05
2.27098e-05
-1.86432e-05
2.91556e-05
-2.6003e-05
3.51072e-05
-3.42509e-05
4.04121e-05
-4.32394e-05
4.49636e-05
-5.28178e-05
4.86928e-05
-6.28331e-05
5.1561e-05
-7.31326e-05
5.35533e-05
-8.35652e-05
5.46732e-05
-9.39832e-05
5.49384e-05
-0.000104243
5.43771e-05
-0.000114209
5.30255e-05
-0.00012375
5.09256e-05
-0.000132744
4.81239e-05
-0.000141076
4.46706e-05
-0.000148643
4.06188e-05
-0.000155349
3.60244e-05
-0.000161109
3.09463e-05
-0.000165848
2.54463e-05
-0.000169505
1.95897e-05
-0.000172028
1.34451e-05
-0.00017338
7.08515e-06
-0.000173534
5.86507e-07
-0.000172482
-5.97023e-06
-0.000170225
-1.25005e-05
-0.000166783
-1.89162e-05
-0.000162191
-2.51262e-05
-0.000156499
-3.10374e-05
-0.000149774
-3.65553e-05
-0.0001421
-4.15861e-05
-0.000133575
-4.60377e-05
-0.000124315
-4.9822e-05
-0.000114449
-5.28568e-05
-0.000104118
-5.50684e-05
-9.34766e-05
-5.63938e-05
-8.26879e-05
-5.67836e-05
-7.19211e-05
-5.62047e-05
-6.13492e-05
-5.46434e-05
-5.11452e-05
-5.21082e-05
-4.14788e-05
-4.86331e-05
-3.25119e-05
-4.42805e-05
-2.43958e-05
-3.91453e-05
-1.72668e-05
-3.33577e-05
-1.12446e-05
-2.70879e-05
-6.43031e-06
-2.055e-05
-2.90704e-06
-1.40047e-05
-7.43275e-07
-7.76197e-06
-2.20263e-06
-9.85894e-07
3.79019e-06
-3.75156e-06
1.19875e-05
-8.12198e-06
2.03464e-05
-1.39305e-05
2.85183e-05
-2.1013e-05
3.62381e-05
-2.92056e-05
4.32999e-05
-3.83431e-05
4.95495e-05
-4.82587e-05
5.48793e-05
-5.87855e-05
5.92196e-05
-6.97567e-05
6.25322e-05
-8.10076e-05
6.48042e-05
-9.23767e-05
6.60424e-05
-0.000103707
6.62689e-05
-0.000114848
6.55178e-05
-0.000125654
6.38318e-05
-0.000135989
6.12608e-05
-0.000145725
5.78594e-05
-0.000154741
5.36867e-05
-0.000162928
4.88055e-05
-0.000170185
4.32817e-05
-0.000176424
3.71849e-05
-0.000181565
3.0588e-05
-0.000185544
2.3568e-05
-0.000188305
1.62061e-05
-0.000189807
8.5878e-06
-0.000190024
8.03529e-07
-0.000188943
-7.05164e-06
-0.000186566
-1.4878e-05
-0.00018291
-2.25717e-05
-0.000178011
-3.00251e-05
-0.00017192
-3.71283e-05
-0.000164706
-4.37696e-05
-0.000156454
-4.9838e-05
-0.000147268
-5.52242e-05
-0.000137266
-5.98235e-05
-0.000126585
-6.3538e-05
-0.000115374
-6.62792e-05
-0.000103796
-6.79715e-05
-9.20252e-05
-6.85547e-05
-8.02422e-05
-6.79877e-05
-6.8634e-05
-6.62516e-05
-5.73888e-05
-6.33534e-05
-4.66929e-05
-5.9329e-05
-3.67269e-05
-5.42465e-05
-2.76619e-05
-4.82102e-05
-1.96566e-05
-4.1363e-05
-1.28544e-05
-3.38901e-05
-7.38246e-06
-2.60219e-05
-3.35207e-06
-1.80351e-05
-8.61105e-07
-1.02529e-05
-3.06373e-06
-1.10484e-06
4.89504e-06
-4.19397e-06
1.50766e-05
-9.05776e-06
2.52102e-05
-1.54965e-05
3.49569e-05
-2.33159e-05
4.40576e-05
-3.23255e-05
5.23094e-05
-4.23369e-05
5.95609e-05
-5.31638e-05
6.57062e-05
-6.46223e-05
7.0678e-05
-7.65315e-05
7.44415e-05
-8.87147e-05
7.69874e-05
-0.000101
7.83278e-05
-0.000113222
7.84907e-05
-0.000125221
7.7517e-05
-0.000136847
7.54573e-05
-0.000147955
7.23695e-05
-0.000158413
6.83174e-05
-0.000168096
6.33696e-05
-0.00017689
5.75987e-05
-0.000184689
5.10811e-05
-0.000191401
4.38973e-05
-0.000196945
3.61316e-05
-0.00020125
2.7873e-05
-0.000204259
1.92153e-05
-0.000205929
1.02573e-05
-0.000206229
1.10344e-06
-0.000205144
-8.13651e-06
-0.000202674
-1.73473e-05
-0.000198837
-2.64089e-05
-0.000193666
-3.51967e-05
-0.000187211
-4.35831e-05
-0.000179541
-5.14388e-05
-0.000170745
-5.8634e-05
-0.000160928
-6.50416e-05
-0.000150213
-7.05388e-05
-0.00013874
-7.50105e-05
-0.000126667
-7.83521e-05
-0.000114165
-8.04733e-05
-0.000101418
-8.13016e-05
-8.86202e-05
-8.07859e-05
-7.59716e-05
-7.89003e-05
-6.36769e-05
-7.56481e-05
-5.19406e-05
-7.10653e-05
-4.09631e-05
-6.5224e-05
-3.09375e-05
-5.82358e-05
-2.2046e-05
-5.02545e-05
-1.44574e-05
-4.14787e-05
-8.32577e-06
-3.21536e-05
-3.79002e-06
-2.25709e-05
-9.75918e-07
-1.3067e-05
-4.03965e-06
-1.21913e-06
6.11416e-06
-4.62091e-06
1.84784e-05
-9.96394e-06
3.05533e-05
-1.70173e-05
4.20103e-05
-2.55578e-05
5.25982e-05
-3.53688e-05
6.21204e-05
-4.62387e-05
7.04309e-05
-5.79615e-05
7.74289e-05
-7.03361e-05
8.30527e-05
-8.31674e-05
8.72727e-05
-9.62661e-05
9.00862e-05
-0.00010945
9.15121e-05
-0.000122546
9.1586e-05
-0.000135386
9.03571e-05
-0.000147813
8.78846e-05
-0.000159679
8.42358e-05
-0.000170846
7.94839e-05
-0.000181184
7.37076e-05
-0.000190575
6.69899e-05
-0.000198912
5.94178e-05
-0.000206097
5.10829e-05
-0.000212047
4.20812e-05
-0.000216687
3.25136e-05
-0.000219959
2.24867e-05
-0.000221814
1.21125e-05
-0.00022222
1.50949e-06
-0.000221159
-9.19763e-06
-0.000218628
-1.9878e-05
-0.000214642
-3.03949e-05
-0.000209232
-4.06065e-05
-0.000202448
-5.03672e-05
-0.000194359
-5.95286e-05
-0.00018505
-6.79421e-05
-0.000174631
-7.5461e-05
-0.000163227
-8.19431e-05
-0.000150983
-8.72545e-05
-0.000138062
-9.12729e-05
-0.000124644
-9.38912e-05
-0.000110923
-9.50224e-05
-9.71062e-05
-9.46031e-05
-8.34081e-05
-9.25983e-05
-7.00508e-05
-8.90054e-05
-5.72579e-05
-8.38581e-05
-4.52516e-05
-7.72303e-05
-3.42484e-05
-6.9239e-05
-2.44558e-05
-6.00471e-05
-1.60695e-05
-4.9865e-05
-9.27093e-06
-3.89522e-05
-4.22681e-06
-2.7615e-05
-1.08967e-06
-1.62042e-05
-5.12932e-06
-1.32974e-06
7.44391e-06
-5.03524e-06
2.21839e-05
-1.08452e-05
3.63633e-05
-1.84992e-05
4.96643e-05
-2.77462e-05
6.18451e-05
-3.83436e-05
7.27178e-05
-5.00573e-05
8.21446e-05
-6.2661e-05
9.00327e-05
-7.59368e-05
9.63284e-05
-8.96745e-05
0.00010101
-0.000103673
0.000104085
-0.00011774
0.000105579
-0.000131693
0.000105539
-0.000145358
0.000104022
-0.000158573
0.000101099
-0.000171183
9.6846e-05
-0.000183046
9.13472e-05
-0.00019403
8.46918e-05
-0.000204014
7.69733e-05
-0.000212886
6.82898e-05
-0.000220547
5.87441e-05
-0.00022691
4.84438e-05
-0.000231898
3.75017e-05
-0.000235448
2.60368e-05
-0.00023751
1.41746e-05
-0.000238048
2.04741e-06
-0.00023704
-1.02054e-05
-0.000234481
-2.24372e-05
-0.000230381
-3.44947e-05
-0.000224769
-4.62184e-05
-0.000217692
-5.74441e-05
-0.000209217
-6.8004e-05
-0.00019943
-7.77294e-05
-0.000188438
-8.64528e-05
-0.000176369
-9.40115e-05
-0.000163373
-0.000100251
-0.000149618
-0.000105028
-0.00013529
-0.000108219
-0.000120595
-0.000109717
-0.000105752
-0.000109446
-9.09919e-05
-0.000107358
-7.65546e-05
-0.000103443
-6.26846e-05
-9.77282e-05
-4.96271e-05
-9.02878e-05
-3.7624e-05
-8.12421e-05
-2.69099e-05
-7.07612e-05
-1.77084e-05
-5.90665e-05
-1.02297e-05
-4.64308e-05
-4.66871e-06
-3.3176e-05
-1.20434e-06
-1.96686e-05
-6.33367e-06
-1.43756e-06
8.88146e-06
-5.43957e-06
2.61859e-05
-1.17063e-05
4.26299e-05
-1.99487e-05
5.79067e-05
-2.98887e-05
7.1785e-05
-4.12586e-05
8.40877e-05
-5.38017e-05
9.46876e-05
-6.72718e-05
0.000103503
-8.14335e-05
0.00011049
-9.60624e-05
0.000115639
-0.000110945
0.000118967
-0.000125879
0.000120513
-0.000140674
0.000120333
-0.000155148
0.000118497
-0.000169135
0.000115086
-0.000182476
0.000110187
-0.000195026
0.000103897
-0.000206648
9.6314e-05
-0.000217219
8.75442e-05
-0.000226625
7.76965e-05
-0.000234766
6.68847e-05
-0.00024155
5.52278e-05
-0.000246899
4.28506e-05
-0.000250746
2.98843e-05
-0.000253039
1.64672e-05
-0.000253737
2.74514e-06
-0.000252814
-1.11279e-05
-0.000250262
-2.49898e-05
-0.000246086
-3.86707e-05
-0.000240311
-5.19934e-05
-0.00023298
-6.47746e-05
-0.000224157
-7.68268e-05
-0.000213927
-8.79601e-05
-0.000202394
-9.79852e-05
-0.000189689
-0.000106717
-0.000175961
-0.000113978
-0.000161385
-0.000119605
-0.000146155
-0.000123449
-0.000130485
-0.000125387
-0.000114608
-0.000125323
-9.87713e-05
-0.000123195
-8.32338e-05
-0.00011898
-6.82621e-05
-0.0001127
-5.41263e-05
-0.000104424
-4.10956e-05
-9.42729e-05
-2.94331e-05
-8.24237e-05
-1.93927e-05
-6.9107e-05
-1.12143e-05
-5.46092e-05
-5.12207e-06
-3.92682e-05
-1.32185e-06
-2.34688e-05
-7.65552e-06
-1.5433e-06
1.04248e-05
-5.83619e-06
3.04788e-05
-1.25512e-05
4.93449e-05
-2.13716e-05
6.67272e-05
-3.19926e-05
8.24061e-05
-4.41221e-05
9.62171e-05
-5.74805e-05
0.000108046
-7.18022e-05
0.000117824
-8.68343e-05
0.000125522
-0.000102338
0.000131143
-0.000118088
0.000134717
-0.000133872
0.000136297
-0.00014949
0.000135952
-0.000164758
0.000133765
-0.000179501
0.000129829
-0.000193559
0.000124245
-0.000206783
0.00011712
-0.000219034
0.000108565
-0.000230187
9.86972e-05
-0.000240127
8.76364e-05
-0.00024875
7.55079e-05
-0.000255964
6.24418e-05
-0.000261687
4.85743e-05
-0.000265852
3.40484e-05
-0.000268399
1.90148e-05
-0.000269286
3.63241e-06
-0.000268484
-1.19308e-05
-0.000265976
-2.74976e-05
-0.000261765
-4.28818e-05
-0.000255869
-5.78885e-05
-0.000248329
-7.23156e-05
-0.000239201
-8.59546e-05
-0.000228567
-9.85941e-05
-0.00021653
-0.000110022
-0.000203219
-0.000120028
-0.000188785
-0.000128412
-0.000173406
-0.000134984
-0.000157282
-0.000139572
-0.000140639
-0.000142031
-0.000123721
-0.000142241
-0.000106792
-0.000140124
-9.01324e-05
-0.00013564
-7.40315e-05
-0.000128801
-5.87862e-05
-0.000119669
-4.46946e-05
-0.000108365
-3.20511e-05
-9.50672e-05
-2.11411e-05
-8.00169e-05
-1.22369e-05
-6.35134e-05
-5.59314e-06
-4.5912e-05
-1.44404e-06
-2.76179e-05
-9.09956e-06
-1.6476e-06
1.20724e-05
-6.2271e-06
3.50583e-05
-1.33836e-05
5.65014e-05
-2.27732e-05
7.61167e-05
-3.40646e-05
9.36976e-05
-4.69412e-05
0.000109094
-6.11013e-05
0.000122206
-7.62592e-05
0.000132982
-9.21452e-05
0.000141408
-0.000108506
0.000147504
-0.000125104
0.000151315
-0.000141718
0.000152911
-0.000158141
0.000152375
-0.000174182
0.000149806
-0.000189663
0.00014531
-0.00020442
0.000139002
-0.000218302
0.000131002
-0.00023117
0.000121433
-0.000242897
0.000110424
-0.000253366
9.8106e-05
-0.000262474
8.46152e-05
-0.000270125
7.00928e-05
-0.000276236
5.46857e-05
-0.000280736
3.85482e-05
-0.000283564
2.18426e-05
-0.000284671
4.74021e-06
-0.000284024
-1.25777e-05
-0.000281602
-2.99196e-05
-0.000277401
-4.70834e-05
-0.000271433
-6.38567e-05
-0.00026373
-8.00184e-05
-0.000254345
-9.53393e-05
-0.000243354
-0.000109585
-0.000230856
-0.00012252
-0.000216977
-0.000133908
-0.000201868
-0.000143521
-0.000185709
-0.000151143
-0.000168707
-0.000156575
-0.000151094
-0.000159643
-0.000133131
-0.000160205
-0.000115096
-0.000158158
-9.72919e-05
-0.000153445
-8.00323e-05
-0.00014606
-6.36425e-05
-0.000136059
-4.84521e-05
-0.000123555
-3.47887e-05
-0.000108731
-2.29722e-05
-9.18333e-05
-1.33094e-05
-7.31762e-05
-6.08802e-06
-5.31334e-05
-1.57271e-06
-3.21332e-05
-1.06723e-05
-1.75094e-06
1.38233e-05
-6.61398e-06
3.99214e-05
-1.42068e-05
6.40942e-05
-2.4158e-05
8.6068e-05
-3.61103e-05
0.00010565
-4.97223e-05
0.000122706
-6.46701e-05
0.000137154
-8.0648e-05
0.00014896
-9.73696e-05
0.00015813
-0.000114567
0.000164701
-0.000131991
0.00016874
-0.000149412
0.000170331
-0.000166615
0.000169578
-0.000183405
0.000166595
-0.0001996
0.000161505
-0.000215034
0.000154436
-0.000229555
0.000145523
-0.000243023
0.000134901
-0.000255311
0.000122712
-0.000266302
0.000109097
-0.000275891
9.42044e-05
-0.000283983
7.81847e-05
-0.000290493
6.11955e-05
-0.000295346
4.34014e-05
-0.000298479
2.49753e-05
-0.000299839
6.10007e-06
-0.000299386
-1.30308e-05
-0.000297093
-3.22121e-05
-0.00029295
-5.12267e-05
-0.000286961
-6.98456e-05
-0.000279151
-8.78285e-05
-0.000269565
-0.000104925
-0.000258271
-0.000120879
-0.000245363
-0.000135428
-0.000230962
-0.000148309
-0.000215217
-0.000159265
-0.00019831
-0.00016805
-0.00018045
-0.000174434
-0.00016188
-0.000178213
-0.000142871
-0.000179214
-0.00012372
-0.000177309
-0.000104749
-0.000172415
-8.63006e-05
-0.000164509
-6.87291e-05
-0.00015363
-5.23977e-05
-0.000139886
-3.76702e-05
-0.000123458
-2.49041e-05
-0.000104599
-1.44435e-05
-8.36367e-05
-6.61264e-06
-6.09643e-05
-1.70958e-06
-3.70362e-05
-1.23819e-05
-1.85377e-06
1.56771e-05
-6.9983e-06
4.50659e-05
-1.50234e-05
7.21193e-05
-2.55301e-05
9.65747e-05
-3.81346e-05
0.000118254
-5.24704e-05
0.000137042
-6.81913e-05
0.000152875
-8.49718e-05
0.000165741
-0.000102508
0.000175666
-0.000120519
0.000182712
-0.000138743
0.000186964
-0.000156942
0.00018853
-0.000174896
0.000187532
-0.000192404
0.000184103
-0.000209283
0.000178384
-0.000225365
0.000170518
-0.000240498
0.000160656
-0.000254543
0.000148946
-0.000267373
0.000135542
-0.000278872
0.000120596
-0.000288936
0.000104268
-0.000297468
8.6717e-05
-0.000304383
6.81107e-05
-0.000309605
4.86228e-05
-0.000313065
2.8436e-05
-0.000314708
7.74322e-06
-0.000314488
-1.32509e-05
-0.000312372
-3.43288e-05
-0.000308339
-5.52592e-05
-0.000302387
-7.57973e-05
-0.000294532
-9.56844e-05
-0.000284807
-0.00011465
-0.000273274
-0.000132413
-0.000260017
-0.000148685
-0.000245151
-0.000163175
-0.000228821
-0.000175595
-0.000211206
-0.000185665
-0.000192521
-0.00019312
-0.000173013
-0.000197721
-0.000152965
-0.000199263
-0.000132691
-0.000197582
-0.000112536
-0.00019257
-9.28691e-05
-0.000184176
-7.4077e-05
-0.000172422
-5.65592e-05
-0.000157404
-4.07186e-05
-0.000139299
-2.69539e-05
-0.000118364
-1.56505e-05
-9.49401e-05
-7.17273e-06
-6.9442e-05
-1.85632e-06
-4.23526e-05
-1.42382e-05
-1.95647e-06
1.76335e-05
-7.38139e-06
5.04908e-05
-1.5836e-05
8.0574e-05
-2.68932e-05
0.000107632
-4.01417e-05
0.000131503
-5.51899e-05
0.00015209
-7.16685e-05
0.000169353
-8.9232e-05
0.000183304
-0.00010756
0.000193994
-0.000126356
0.000201508
-0.000145349
0.000205958
-0.000164292
0.000207473
-0.00018296
0.0002062
-0.000201148
0.000202292
-0.000218673
0.000195908
-0.000235365
0.000187211
-0.000251075
0.000176366
-0.000265664
0.000163536
-0.000279009
0.000148886
-0.000290994
0.000132582
-0.000301517
0.00011479
-0.000310482
9.56822e-05
-0.000317804
7.54324e-05
-0.000323404
5.4223e-05
-0.000327213
3.22448e-05
-0.000329169
9.6995e-06
-0.000329221
-1.31986e-05
-0.000327329
-3.62212e-05
-0.000323464
-5.91244e-05
-0.000317613
-8.16483e-05
-0.00030978
-0.000103517
-0.00029999
-0.00012444
-0.000288291
-0.000144112
-0.000274758
-0.000162218
-0.000259496
-0.000178437
-0.000242644
-0.000192447
-0.000224378
-0.000203931
-0.00020491
-0.000212587
-0.000184494
-0.000218137
-0.000163424
-0.000220334
-0.000142029
-0.000218977
-0.000120677
-0.000213922
-9.97648e-05
-0.000205088
-7.97138e-05
-0.000192473
-6.09621e-05
-0.000176156
-4.39557e-05
-0.000156305
-2.91383e-05
-0.000133182
-1.69412e-05
-0.000107137
-7.77391e-06
-7.86093e-05
-2.01457e-06
-4.8112e-05
-1.62527e-05
-2.05942e-06
1.9693e-05
-7.76456e-06
5.6196e-05
-1.66472e-05
8.94566e-05
-2.82507e-05
0.000119235
-4.21358e-05
0.000145388
-5.78846e-05
0.000167839
-7.51044e-05
0.000186573
-9.34289e-05
0.000201629
-0.00011252
0.000213086
-0.000132069
0.000221057
-0.000151793
0.000225682
-0.000171438
0.000227118
-0.000190775
0.000225536
-0.000209596
0.000221113
-0.000227717
0.000214029
-0.000244972
0.000204466
-0.000261212
0.000192606
-0.000276303
0.000178627
-0.000290124
0.000162706
-0.000302563
0.000145021
-0.00031352
0.000125748
-0.000322903
0.000105065
-0.000330625
8.31547e-05
-0.000336609
6.02064e-05
-0.000340781
3.64173e-05
-0.000343078
1.1996e-05
-0.000343441
-1.28355e-05
-0.000341822
-3.78398e-05
-0.000338185
-6.27621e-05
-0.000332503
-8.73294e-05
-0.000324771
-0.00011125
-0.000314998
-0.000134213
-0.000303219
-0.00015589
-0.000289496
-0.00017594
-0.000273923
-0.00019401
-0.000256628
-0.000209742
-0.000237779
-0.00022278
-0.000217588
-0.000232779
-0.00019631
-0.000239415
-0.000174246
-0.000242397
-0.000151743
-0.00024148
-0.000129188
-0.000236476
-0.000107009
-0.000227268
-8.56629e-05
-0.00021382
-6.56296e-05
-0.000196189
-4.74017e-05
-0.000174533
-3.14729e-05
-0.00014911
-1.83262e-05
-0.000120284
-8.42167e-06
-8.85139e-05
-2.18596e-06
-5.43477e-05
-1.84387e-05
-2.16301e-06
2.1856e-05
-8.14924e-06
6.21822e-05
-1.74595e-05
9.87669e-05
-2.96066e-05
0.000131382
-4.41214e-05
0.000159903
-6.05588e-05
0.000184276
-7.85014e-05
0.000204516
-9.75619e-05
0.000220689
-0.000117385
0.000232909
-0.000137647
0.000241319
-0.000158057
0.000246092
-0.000178353
0.000247414
-0.000198302
0.000245485
-0.000217697
0.000240508
-0.000236354
0.000232686
-0.000254111
0.000222223
-0.000270822
0.000209317
-0.000286359
0.000194163
-0.000300604
0.000176952
-0.000313453
0.00015787
-0.000324809
0.000137104
-0.000334583
0.000114838
-0.00034269
9.12622e-05
-0.000349054
6.65697e-05
-0.000353599
4.0963e-05
-0.000356259
1.46556e-05
-0.000356969
-1.2125e-05
-0.000355675
-3.91346e-05
-0.000352327
-6.61096e-05
-0.00034689
-9.27661e-05
-0.000339342
-0.000118798
-0.000329679
-0.000143876
-0.00031792
-0.00016765
-0.000304109
-0.000189751
-0.000288325
-0.000209794
-0.000270683
-0.000227384
-0.000251341
-0.000242122
-0.000230504
-0.000253616
-0.000208426
-0.000261493
-0.000185414
-0.000265409
-0.000161828
-0.000265067
-0.000138076
-0.000260227
-0.000114616
-0.000250727
-9.1943e-05
-0.000236493
-7.05813e-05
-0.000217551
-5.10749e-05
-0.000194039
-3.39729e-05
-0.000166212
-1.98157e-05
-0.000134441
-9.12141e-06
-9.92082e-05
-2.37211e-06
-6.1097e-05
-2.08108e-05
-2.26775e-06
2.41237e-05
-8.53713e-06
6.84516e-05
-1.82764e-05
0.000108506
-3.09654e-05
0.000144071
-4.61038e-05
0.000175041
-6.32173e-05
0.00020139
-8.18626e-05
0.000223161
-0.00010163
0.000240457
-0.000122147
0.000253426
-0.000143077
0.000262249
-0.000164118
0.000267133
-0.000185003
0.000268299
-0.000205497
0.000265979
-0.000225393
0.000260404
-0.000244511
0.000251804
-0.000262693
0.000240405
-0.000279801
0.000226425
-0.000295712
0.000210074
-0.000310316
0.000191556
-0.000323516
0.00017107
-0.000335221
0.000148808
-0.000345346
0.000124963
-0.000353811
9.97278e-05
-0.000360541
7.32995e-05
-0.000365461
4.58832e-05
-0.000368501
1.7695e-05
-0.000369591
-1.10344e-05
-0.000368669
-4.00567e-05
-0.000365676
-6.91025e-05
-0.000360563
-9.7879e-05
-0.000353293
-0.000126068
-0.000343844
-0.000153325
-0.000332216
-0.000179278
-0.000318435
-0.000203532
-0.00030256
-0.000225669
-0.000284689
-0.000245255
-0.000264964
-0.000261846
-0.000243579
-0.000275
-0.000220785
-0.000284287
-0.00019689
-0.000289305
-0.000172264
-0.000289693
-0.000147336
-0.000285155
-0.000122592
-0.000275471
-9.85671e-05
-0.000260518
-7.58338e-05
-0.000240284
-5.49919e-05
-0.000214881
-3.66521e-05
-0.000184552
-2.14198e-05
-0.000149673
-9.87855e-06
-0.000110749
-2.57468e-06
-6.84009e-05
-2.33855e-05
-2.37424e-06
2.6498e-05
-8.93044e-06
7.50078e-05
-1.91019e-05
0.000118678
-3.23332e-05
0.000157303
-4.80899e-05
0.000190798
-6.58667e-05
0.000219166
-8.51924e-05
0.000242487
-0.000105635
0.000260899
-0.000126802
0.000274593
-0.000148344
0.00028379
-0.00016995
0.000288739
-0.00019135
0.000289699
-0.000212306
0.000286936
-0.000232616
0.000280714
-0.000252103
0.000271292
-0.000270618
0.00025892
-0.00028803
0.000243836
-0.000304225
0.000226269
-0.000319105
0.000206436
-0.000332579
0.000184544
-0.000344566
0.000160795
-0.000354987
0.000135385
-0.00036377
0.00010851
-0.00037084
8.03699e-05
-0.000376126
5.11688e-05
-0.000379554
2.11231e-05
-0.000381052
-9.53629e-06
-0.000380549
-4.05599e-05
-0.000377976
-7.16756e-05
-0.00037327
-0.000102585
-0.000366377
-0.000132961
-0.000357257
-0.000162445
-0.000345887
-0.000190648
-0.000332272
-0.000217148
-0.000316446
-0.000241495
-0.000298485
-0.000263216
-0.000278513
-0.000281819
-0.000256706
-0.000296807
-0.000233304
-0.000307689
-0.000208615
-0.000313994
-0.000183014
-0.000315294
-0.000156948
-0.000311221
-0.000130933
-0.000301487
-0.000105541
-0.000285909
-8.13994e-05
-0.000264426
-5.91671e-05
-0.000237114
-3.95238e-05
-0.000204196
-2.3148e-05
-0.000166049
-1.06985e-05
-0.000123199
-2.79536e-06
-7.6304e-05
-2.61809e-05
-2.48334e-06
2.89813e-05
-9.33207e-06
8.18565e-05
-1.99416e-05
0.000129287
-3.37178e-05
0.000171079
-5.00892e-05
0.000207169
-6.85161e-05
0.000237593
-8.84976e-05
0.000262468
-0.000109577
0.000281979
-0.000131343
0.000296359
-0.000153432
0.00030588
-0.000175526
0.000310833
-0.000197351
0.000311524
-0.000218671
0.000308256
-0.000239288
0.000301331
-0.000259034
0.000291038
-0.000277768
0.000277654
-0.000295371
0.000261439
-0.000311741
0.00024264
-0.000326792
0.000221487
-0.000340445
0.000198197
-0.000352628
0.000172978
-0.000363274
0.000146031
-0.000372316
0.000117553
-0.000379687
8.77405e-05
-0.000385316
5.67981e-05
-0.000389131
2.49384e-05
-0.000391057
-7.61092e-06
-0.000391014
-4.06025e-05
-0.000388925
-7.3765e-05
-0.000384711
-0.000106798
-0.000378302
-0.00013937
-0.000369636
-0.000171111
-0.000358667
-0.000201617
-0.000345371
-0.000230443
-0.000329757
-0.000257109
-0.000311873
-0.0002811
-0.000291815
-0.000301877
-0.00026974
-0.000318882
-0.00024587
-0.000331558
-0.000220504
-0.00033936
-0.000194021
-0.000341778
-0.000166879
-0.000338362
-0.000139622
-0.000328744
-0.000112865
-0.000312667
-8.72861e-05
-0.000290005
-6.36128e-05
-0.000260787
-4.26003e-05
-0.000225208
-2.50101e-05
-0.000183639
-1.15869e-05
-0.000136622
-3.03593e-06
-8.4855e-05
-2.92168e-05
-2.59616e-06
3.15775e-05
-9.74594e-06
8.90063e-05
-2.08029e-05
0.000140344
-3.51301e-05
0.000185406
-5.21144e-05
0.000224154
-7.11783e-05
0.000256657
-9.17883e-05
0.000283078
-0.000113461
0.000303651
-0.000135766
0.000318664
-0.000158326
0.00032844
-0.000180816
0.000333323
-0.00020296
0.000333668
-0.000224526
0.000329823
-0.000245324
0.000322128
-0.000265196
0.000310909
-0.000284013
0.000296471
-0.000301671
0.000279097
-0.000318083
0.000259052
-0.000333177
0.000236581
-0.00034689
0.000211909
-0.000359163
0.000185251
-0.000369941
0.000156809
-0.000379166
0.000126778
-0.00038678
9.53539e-05
-0.000392716
6.27344e-05
-0.000396904
2.91266e-05
-0.000399267
-5.2484e-06
-0.00039972
-4.01494e-05
-0.000398175
-7.53098e-05
-0.000394541
-0.000110432
-0.000388727
-0.000145183
-0.00038065
-0.000179189
-0.000370237
-0.000212031
-0.000357434
-0.000243246
-0.000342218
-0.000272325
-0.000324604
-0.000298715
-0.000304655
-0.000321825
-0.000282499
-0.000341039
-0.000258335
-0.000355723
-0.000232444
-0.00036525
-0.000205202
-0.000369021
-0.000177076
-0.000366487
-0.000148633
-0.000357187
-0.000120528
-0.000340772
-9.34966e-05
-0.000317036
-6.83385e-05
-0.000285945
-4.58931e-05
-0.000247653
-2.70157e-05
-0.000202517
-1.25494e-05
-0.000151088
-3.2983e-06
-9.4106e-05
-3.25151e-05
-2.71424e-06
3.42917e-05
-1.01773e-05
9.64694e-05
-2.16959e-05
0.000151863
-3.65843e-05
0.000200294
-5.41826e-05
0.000241752
-7.38708e-05
0.000276345
-9.50793e-05
0.000304287
-0.000117296
0.000325868
-0.000140069
0.000341437
-0.00016301
0.00035138
-0.000185786
0.0003561
-0.000208124
0.000356005
-0.000229797
0.000351496
-0.000250625
0.000342957
-0.000270465
0.000330749
-0.000289203
0.00031521
-0.000306755
0.000296648
-0.00032305
0.000275348
-0.000338036
0.000251566
-0.000351665
0.000225539
-0.000363898
0.000197484
-0.000374692
0.000167603
-0.000384003
0.000136089
-0.000391782
0.000103133
-0.000397971
6.89235e-05
-0.000402503
3.36585e-05
-0.0004053
-2.4511e-06
-0.000406275
-3.91746e-05
-0.00040533
-7.62548e-05
-0.000402361
-0.000113402
-0.000397258
-0.000150286
-0.000389913
-0.000186533
-0.000380225
-0.000221718
-0.000368109
-0.000255363
-0.000353502
-0.000286932
-0.00033638
-0.000315836
-0.000316768
-0.000341437
-0.000294756
-0.000363051
-0.000270509
-0.000379969
-0.000244286
-0.000391473
-0.000216447
-0.000396859
-0.000187463
-0.000395471
-0.000157919
-0.000386732
-0.000128509
-0.000370182
-0.000100028
-0.000345518
-7.3351e-05
-0.000312622
-4.94129e-05
-0.000271591
-2.91746e-05
-0.000222755
-1.35922e-05
-0.000166671
-3.58454e-06
-0.000104114
-3.60996e-05
-2.83962e-06
3.71313e-05
-1.06332e-05
0.000104263
-2.26337e-05
0.000163863
-3.80995e-05
0.00021576
-5.63167e-05
0.000259969
-7.66172e-05
0.000296646
-9.83907e-05
0.00032606
-0.000121094
0.000348571
-0.000144254
0.000364597
-0.000167468
0.000374594
-0.000190402
0.000379034
-0.000212785
0.000378388
-0.0002344
0.000373111
-0.000255081
0.000363638
-0.000274704
0.000350371
-0.000293174
0.000333681
-0.000310429
0.000313903
-0.00032642
0.000291339
-0.000341116
0.000266263
-0.000354493
0.000238915
-0.000366528
0.000209518
-0.000377197
0.000178272
-0.000386474
0.000145366
-0.00039432
0.000110979
-0.000400688
7.52914e-05
-0.000405517
3.84875e-05
-0.000408732
7.63778e-07
-0.000410242
-3.76638e-05
-0.000409945
-7.65526e-05
-0.000407721
-0.000115625
-0.000403444
-0.000154563
-0.000396982
-0.000192996
-0.000388202
-0.000230498
-0.000376982
-0.000266583
-0.000363219
-0.000300694
-0.000346844
-0.000332212
-0.000327834
-0.000360447
-0.000306232
-0.000384653
-0.00028216
-0.000404041
-0.000255842
-0.000417791
-0.000227615
-0.000425087
-0.000197942
-0.000425144
-0.000167419
-0.000417254
-0.000136777
-0.000400824
-0.000106869
-0.000375426
-7.86539e-05
-0.000340837
-5.31695e-05
-0.000297076
-3.14968e-05
-0.000244428
-1.47218e-05
-0.000183446
-3.89697e-06
-0.000114939
-3.99966e-05
-2.97505e-06
4.01064e-05
-1.11228e-05
0.000112411
-2.36338e-05
0.000176374
-3.97007e-05
0.000231827
-5.85469e-05
0.000278815
-7.94484e-05
0.000317547
-0.00010175
0.000348362
-0.000124873
0.000371694
-0.000148322
0.000388047
-0.000171685
0.000397957
-0.000194625
0.000401974
-0.000216878
0.00040064
-0.000238242
0.000394475
-0.000258569
0.000383965
-0.000277757
0.000369559
-0.000295738
0.000351662
-0.000312473
0.000330638
-0.000327942
0.000306809
-0.000342139
0.000280459
-0.000355063
0.00025184
-0.000366716
0.000221171
-0.000377095
0.000188651
-0.00038619
0.000154461
-0.000393981
0.00011877
-0.000400432
8.17426e-05
-0.000405492
4.35472e-05
-0.00040909
4.3618e-06
-0.000411136
-3.56172e-05
-0.000411522
-7.61667e-05
-0.000410119
-0.000117028
-0.000406783
-0.000157899
-0.000401356
-0.000198422
-0.000393676
-0.000238179
-0.00038358
-0.000276678
-0.000370922
-0.000313353
-0.000355579
-0.000347555
-0.000337474
-0.000378551
-0.000316592
-0.000405535
-0.000293003
-0.00042763
-0.00026688
-0.000443914
-0.000238525
-0.000453442
-0.000208381
-0.000455288
-0.000177048
-0.000448587
-0.000145284
-0.000432588
-0.000114002
-0.000406708
-8.42474e-05
-0.000370591
-5.71722e-05
-0.000324151
-3.3993e-05
-0.000267607
-1.59459e-05
-0.000201493
-4.23822e-06
-0.000126646
-4.42348e-05
-3.12417e-06
4.32305e-05
-1.16585e-05
0.000120945
-2.47191e-05
0.000189435
-4.14203e-05
0.000248528
-6.09116e-05
0.000298307
-8.24041e-05
0.00033904
-0.00010519
0.000371148
-0.000128655
0.000395159
-0.00015228
0.000411672
-0.000175643
0.000421319
-0.000198409
0.00042474
-0.000220326
0.000422557
-0.000241212
0.000415361
-0.000260943
0.000403696
-0.000279445
0.00038806
-0.00029668
0.000368897
-0.00031264
0.000346598
-0.000327337
0.000321505
-0.000340792
0.000293914
-0.000353034
0.000264082
-0.000364091
0.000232228
-0.000373984
0.000198545
-0.000382726
0.000163203
-0.000390315
0.000126358
-0.00039673
8.8158e-05
-0.000401933
4.87497e-05
-0.00040586
8.28907e-06
-0.000408425
-3.30516e-05
-0.000409518
-7.50745e-05
-0.000409
-0.000117546
-0.000406712
-0.000160187
-0.000402475
-0.00020266
-0.000396092
-0.000244561
-0.000387363
-0.000285407
-0.000376091
-0.000324626
-0.000362096
-0.000361549
-0.000345239
-0.000395409
-0.000325437
-0.000425337
-0.000302691
-0.000450376
-0.000277113
-0.000469492
-0.000248951
-0.000481604
-0.000218615
-0.000485624
-0.000186694
-0.000480508
-0.000153967
-0.000465315
-0.000121399
-0.000439276
-9.01276e-05
-0.000401862
-6.14298e-05
-0.000352849
-3.66752e-05
-0.000292361
-1.72727e-05
-0.000220895
-4.61143e-06
-0.000139307
-4.88462e-05
-3.29176e-06
4.65223e-05
-1.22561e-05
0.000129909
-2.59189e-05
0.000203098
-4.32999e-05
0.000265909
-6.34598e-05
0.000318466
-8.55339e-05
0.000361114
-0.000108756
0.00039437
-0.000132469
0.000418873
-0.000156133
0.000435336
-0.000179319
0.000444505
-0.000201699
0.00044712
-0.000223039
0.000443897
-0.000243182
0.000435504
-0.000262036
0.000422551
-0.000279562
0.000405586
-0.000295757
0.000385093
-0.00031065
0.000361491
-0.000324288
0.000335142
-0.000336726
0.000306352
-0.000348025
0.000275381
-0.000358243
0.000242446
-0.000367428
0.00020773
-0.000375618
0.000171393
-0.000382832
0.000133572
-0.000389069
9.43945e-05
-0.000394303
5.39843e-05
-0.000398485
1.24705e-05
-0.000401533
-3.00035e-05
-0.000403337
-7.32703e-05
-0.000403756
-0.000117127
-0.000402616
-0.000161326
-0.000399717
-0.000205559
-0.000394834
-0.000249444
-0.000387724
-0.000292517
-0.000378139
-0.000334211
-0.000365839
-0.000373849
-0.000350611
-0.000410636
-0.000332296
-0.000443652
-0.000310814
-0.000471859
-0.000286195
-0.000494111
-0.000258618
-0.000509181
-0.000228438
-0.000515804
-0.000196217
-0.00051273
-0.000162739
-0.000498793
-0.000129019
-0.000472996
-9.6286e-05
-0.000434596
-6.59509e-05
-0.000383184
-3.95569e-05
-0.000318755
-1.87126e-05
-0.00024174
-5.02036e-06
-0.000153
-5.38666e-05
-3.4841e-06
5.00064e-05
-1.29363e-05
0.000139361
-2.72711e-05
0.000217433
-4.5392e-05
0.00028403
-6.62525e-05
0.000339327
-8.88984e-05
0.00038376
-0.000112496
0.000417967
-0.000136345
0.000442722
-0.000159883
0.000458875
-0.00018268
0.000467301
-0.000204422
0.000468862
-0.0002249
0.000464376
-0.000243992
0.000454596
-0.000261646
0.000440204
-0.000277863
0.000421803
-0.000292684
0.000399914
-0.00030618
0.000374987
-0.000318437
0.000347399
-0.00032955
0.000317465
-0.000339615
0.000285446
-0.000348721
0.000251552
-0.000356949
0.000215958
-0.000364362
0.000178806
-0.000371004
0.000140214
-0.000376894
0.000100285
-0.000382027
5.91172e-05
-0.000386365
1.68088e-05
-0.000389839
-2.65301e-05
-0.000392342
-7.07675e-05
-0.000393731
-0.000115738
-0.000393825
-0.000161232
-0.000392405
-0.000206978
-0.000389219
-0.00025263
-0.000383986
-0.000297751
-0.000376404
-0.000341792
-0.000366169
-0.000384084
-0.000352991
-0.000423814
-0.000336621
-0.000460022
-0.000316882
-0.000491598
-0.000293709
-0.000517284
-0.000267185
-0.000535704
-0.000237591
-0.000545399
-0.000205435
-0.000544885
-0.000171492
-0.000532736
-0.00013681
-0.000507677
-0.000102709
-0.000468697
-7.07444e-05
-0.000415149
-4.2654e-05
-0.000346846
-2.0278e-05
-0.000264116
-5.4697e-06
-0.000167808
-5.93363e-05
-3.70944e-06
5.37158e-05
-1.37259e-05
0.000149378
-2.8824e-05
0.000232531
-4.77626e-05
0.000302969
-6.93646e-05
0.000360929
-9.25696e-05
0.000406965
-0.000116467
0.000441865
-0.000140312
0.000466567
-0.000163524
0.000482086
-0.000185677
0.000489454
-0.00020648
0.000489666
-0.000225763
0.000483658
-0.000243446
0.000472279
-0.000259526
0.000456285
-0.000274055
0.000436332
-0.000287126
0.000412985
-0.000298855
0.000386716
-0.000309375
0.000357919
-0.000318822
0.000326912
-0.000327331
0.000293955
-0.000335028
0.000259249
-0.000342023
0.000222954
-0.000348411
0.000185193
-0.00035426
0.000146063
-0.000359615
0.00010564
-0.000364491
6.39924e-05
-0.000368866
2.11842e-05
-0.000372685
-2.2711e-05
-0.000375851
-6.76015e-05
-0.000378224
-0.000113365
-0.000379619
-0.000159837
-0.000379805
-0.000206792
-0.000378506
-0.00025393
-0.000375404
-0.000300853
-0.000370149
-0.000347047
-0.000362369
-0.000391863
-0.000351694
-0.00043449
-0.000337774
-0.000473942
-0.000320323
-0.000509048
-0.000299157
-0.00053845
-0.000274243
-0.000560619
-0.000245754
-0.000573888
-0.000214123
-0.000576516
-0.000180083
-0.000566776
-0.0001447
-0.00054306
-0.000109376
-0.000504021
-7.58198e-05
-0.000448705
-4.59863e-05
-0.000376679
-2.19844e-05
-0.000288118
-5.96542e-06
-0.000183827
-6.53017e-05
-3.97858e-06
5.76944e-05
-1.46596e-05
0.000160059
-3.06388e-05
0.00024851
-5.04935e-05
0.000322823
-7.28861e-05
0.000383321
-9.66306e-05
0.000430709
-0.000120731
0.000465965
-0.000144395
0.000490231
-0.000167032
0.000504723
-0.00018823
0.000510652
-0.000207737
0.000509173
-0.00022543
0.000501351
-0.000241288
0.000488137
-0.000255368
0.000470364
-0.000267782
0.000448746
-0.000278681
0.000423883
-0.000288235
0.00039627
-0.000296627
0.00036631
-0.000304038
0.000334324
-0.000310645
0.000300562
-0.00031661
0.000265214
-0.000322078
0.000228422
-0.000327172
0.000190287
-0.00033199
0.000150881
-0.000336601
0.000110252
-0.000341043
6.84339e-05
-0.000345315
2.54562e-05
-0.000349378
-1.86477e-05
-0.000353149
-6.38305e-05
-0.000356496
-0.000110018
-0.000359237
-0.000157097
-0.000361134
-0.000204896
-0.000361893
-0.00025317
-0.000361168
-0.000301578
-0.000358562
-0.000349654
-0.00035364
-0.000396786
-0.000345944
-0.000442186
-0.000335022
-0.000484864
-0.000320464
-0.000523607
-0.000301946
-0.000556968
-0.000279291
-0.000583273
-0.000252535
-0.000600644
-0.000221994
-0.000607058
-0.000188329
-0.000600441
-0.000152594
-0.000578795
-0.000116258
-0.000540356
-8.11876e-05
-0.000483776
-4.95784e-05
-0.000408288
-2.38522e-05
-0.000313844
-6.51533e-06
-0.000201164
-7.18171e-05
-4.30581e-06
6.20002e-05
-1.57821e-05
0.000171535
-3.27933e-05
0.000265521
-5.36856e-05
0.000343716
-7.69237e-05
0.00040656
-0.000101173
0.000454959
-0.000125343
0.000490135
-0.0001486
0.000513488
-0.00017035
0.000526473
-0.000190214
0.000530516
-0.000207994
0.000526954
-0.000223634
0.000516991
-0.000237186
0.000501689
-0.00024878
0.000481959
-0.000258601
0.000458567
-0.000266862
0.000432145
-0.000273797
0.000403205
-0.00027964
0.000372154
-0.000284622
0.000339306
-0.00028896
0.0003049
-0.000292855
0.000269108
-0.000296485
0.000232052
-0.000300004
0.000193807
-0.000303539
0.000154416
-0.000307184
0.000113897
-0.000311
7.22498e-05
-0.00031501
2.94662e-05
-0.000319195
-1.44628e-05
-0.000323489
-5.95361e-05
-0.000327775
-0.000105732
-0.000331879
-0.000152993
-0.000335565
-0.00020121
-0.000338531
-0.000250205
-0.000340407
-0.000299701
-0.00034076
-0.000349301
-0.000339094
-0.000398451
-0.000334871
-0.000446409
-0.00032753
-0.000492205
-0.000316524
-0.000534612
-0.000301374
-0.000572119
-0.000281729
-0.000602918
-0.000257448
-0.000624924
-0.000228689
-0.000635817
-0.000195994
-0.000633137
-0.000160365
-0.000614424
-0.000123315
-0.000577407
-8.68596e-05
-0.000520231
-5.34624e-05
-0.000441686
-2.59081e-05
-0.000341398
-7.12987e-06
-0.000219942
-7.89469e-05
-4.71007e-06
6.67103e-05
-1.71518e-05
0.000183977
-3.53857e-05
0.000283755
-5.74617e-05
0.000365792
-8.16e-05
0.000430698
-0.000106292
0.000479651
-0.000130348
0.000514191
-0.000152898
0.000536038
-0.000173367
0.000546941
-0.00019143
0.00054858
-0.000206967
0.00054249
-0.000220009
0.000530033
-0.0002307
0.000512381
-0.000239261
0.000490519
-0.000245955
0.000465261
-0.000251074
0.000437263
-0.000254912
0.000407043
-0.000257763
0.000375004
-0.000259904
0.000341447
-0.000261596
0.000306592
-0.000263076
0.000270588
-0.000264554
0.00023353
-0.000266214
0.000195466
-0.000268208
0.00015641
-0.000270658
0.000116346
-0.000273647
7.52392e-05
-0.000277223
3.30424e-05
-0.00028139
-1.02957e-05
-0.000286104
-5.48223e-05
-0.000291267
-0.000100569
-0.000296721
-0.000147539
-0.00030224
-0.000195691
-0.000307525
-0.00024492
-0.000312195
-0.00029503
-0.00031579
-0.000345707
-0.000317765
-0.000396476
-0.000317506
-0.000446668
-0.000314346
-0.000495365
-0.000307599
-0.000541359
-0.00029661
-0.000583107
-0.000280827
-0.000618701
-0.000259894
-0.000645858
-0.000233754
-0.000661957
-0.000202772
-0.000664118
-0.000167847
-0.000649349
-0.000130487
-0.000614766
-9.28487e-05
-0.000557869
-5.76798e-05
-0.000476855
-2.8188e-05
-0.00037089
-7.82323e-06
-0.000240307
-8.67702e-05
-5.21684e-06
7.19271e-05
-1.88448e-05
0.000197605
-3.85399e-05
0.00030345
-6.19694e-05
0.000389221
-8.7051e-05
0.000455779
-0.000112076
0.000504677
-0.000135755
0.00053787
-0.000157201
0.000557484
-0.000175885
0.000565625
-0.000191569
0.000564264
-0.00020424
0.000555161
-0.000214046
0.000539839
-0.000221244
0.000519578
-0.000226158
0.000495433
-0.000229146
0.00046825
-0.000230579
0.000438696
-0.000230822
0.000407286
-0.000230223
0.000374405
-0.000229109
0.000340333
-0.000227779
0.000305262
-0.000226504
0.000269313
-0.000225524
0.00023255
-0.000225047
0.00019499
-0.000225251
0.000156614
-0.00022628
0.000117374
-0.000228241
7.72007e-05
-0.000231206
3.60075e-05
-0.000235204
-6.29858e-06
-0.000240214
-4.98118e-05
-0.000246165
-9.46178e-05
-0.000252922
-0.000140782
-0.00026028
-0.000188333
-0.000267952
-0.000237248
-0.000275563
-0.000287419
-0.000282638
-0.000338631
-0.000288602
-0.000390512
-0.000292778
-0.000442492
-0.000294401
-0.000493742
-0.000292646
-0.000543115
-0.000286674
-0.000589079
-0.000275707
-0.000629668
-0.000259127
-0.000662438
-0.000236607
-0.000684477
-0.000208263
-0.000692462
-0.000174809
-0.000682804
-0.000137691
-0.000651884
-9.91673e-05
-0.000596393
-6.22852e-05
-0.000513737
-3.0741e-05
-0.000402434
-8.61517e-06
-0.000262433
-9.53853e-05
-5.86084e-06
7.7788e-05
-2.09615e-05
0.000212706
-4.24123e-05
0.000324901
-6.73825e-05
0.000414192
-9.34184e-05
0.000481815
-0.000118588
0.000529846
-0.000141511
0.000560793
-0.000161319
0.000577291
-0.000177571
0.000581877
-0.000190159
0.000576853
-0.000199219
0.00056422
-0.000205044
0.000545664
-0.000208031
0.000522565
-0.000208623
0.000496025
-0.000207283
0.00046691
-0.000204465
0.000435878
-0.000200604
0.000403425
-0.000196102
0.000369904
-0.00019133
0.000335562
-0.000186622
0.000300554
-0.000182276
0.000264967
-0.000178555
0.000228829
-0.000175688
0.000192124
-0.000173874
0.000154799
-0.000173273
0.000116774
-0.000174017
7.79441e-05
-0.000176197
3.81879e-05
-0.000179868
-2.62779e-06
-0.000185038
-4.46419e-05
-0.000191664
-8.79919e-05
-0.000199642
-0.000132803
-0.000208798
-0.000179177
-0.000218873
-0.000227173
-0.00022951
-0.000276782
-0.000240245
-0.000327896
-0.000250487
-0.00038027
-0.00025952
-0.000433459
-0.0002665
-0.000486763
-0.000270472
-0.000539142
-0.000270414
-0.000589137
-0.000265303
-0.000634779
-0.000254221
-0.00067352
-0.000236504
-0.000702194
-0.000211931
-0.000717035
-0.000180933
-0.000713802
-0.000144798
-0.000688019
-0.000105823
-0.000635368
-6.73496e-05
-0.00055221
-3.36346e-05
-0.000436149
-9.53373e-06
-0.000286533
-0.000104919
-6.69031e-06
8.44783e-05
-2.36355e-05
0.000229651
-4.71994e-05
0.000348465
-7.39003e-05
0.000440892
-0.000100833
0.000508749
-0.000125828
0.000554841
-0.000147448
0.000582412
-0.000164895
0.000594739
-0.000177882
0.000594864
-0.000186489
0.00058546
-0.000191048
0.000568779
-0.000192037
0.000546653
-0.000190013
0.000520541
-0.000185557
0.000491569
-0.000179239
0.000460592
-0.0001716
0.000428239
-0.000163139
0.000394963
-0.000154307
0.000361072
-0.000145511
0.000326765
-0.000137109
0.000292152
-0.000129419
0.000257277
-0.000122721
0.00022213
-0.000117255
0.000186658
-0.000113232
0.000150776
-0.000110827
0.00011437
-0.000110188
7.73048e-05
-0.000111426
3.94262e-05
-0.00011462
5.65345e-07
-0.000119805
-3.94568e-05
-0.000126972
-8.08245e-05
-0.000136055
-0.00012372
-0.00014692
-0.000168312
-0.00015935
-0.000214744
-0.000173026
-0.000263105
-0.000187514
-0.000313409
-0.000202238
-0.000365545
-0.00021647
-0.000419227
-0.000229314
-0.000473918
-0.000239715
-0.000528742
-0.000246477
-0.000582375
-0.000248327
-0.000632928
-0.000244017
-0.000677831
-0.00023248
-0.00071373
-0.000213058
-0.000736457
-0.00018577
-0.00074109
-0.00015161
-0.000722178
-0.000112809
-0.000674169
-7.29643e-05
-0.000592055
-3.69632e-05
-0.00047215
-1.06196e-05
-0.000312877
-0.000115539
-7.77403e-06
9.22523e-05
-2.70469e-05
0.000248924
-5.3146e-05
0.000374564
-8.17382e-05
0.000469485
-0.000109383
0.000536394
-0.000133682
0.000579139
-0.000153204
0.000601935
-0.000167315
0.00060885
-0.000175968
0.000603516
-0.000179508
0.000589001
-0.000178519
0.00056779
-0.000173703
0.000541838
-0.000165801
0.000512638
-0.000155537
0.000481305
-0.000143593
0.000448647
-0.000130587
0.000415234
-0.000117075
0.000381451
-0.000103544
0.000347541
-9.04222e-05
0.000313643
-7.80829e-05
0.000279813
-6.68504e-05
0.000246045
-5.70071e-05
0.000212286
-4.87982e-05
0.000178449
-4.24366e-05
0.000144414
-3.81056e-05
0.000110039
-3.59607e-05
7.516e-05
-3.61298e-05
3.95952e-05
-3.87111e-05
3.14664e-06
-4.37695e-05
-3.43984e-05
-5.13303e-05
-7.32637e-05
-6.13699e-05
-0.00011368
-7.38036e-05
-0.000155879
-8.84691e-05
-0.000200078
-0.000105107
-0.000246467
-0.000123337
-0.000295179
-0.00014263
-0.000346252
-0.000162283
-0.000399575
-0.000181391
-0.00045481
-0.000198834
-0.000511299
-0.000213279
-0.000567929
-0.000223218
-0.000622989
-0.000227057
-0.000673992
-0.000223272
-0.000717516
-0.000210657
-0.000749072
-0.000188665
-0.000763082
-0.000157811
-0.000753032
-0.000120083
-0.000711897
-7.92427e-05
-0.000632895
-4.08593e-05
-0.000510534
-1.19332e-05
-0.000341803
-0.000127472
-9.21285e-06
0.000101465
-3.14412e-05
0.000271152
-6.05524e-05
0.000403675
-9.11044e-05
0.000500037
-0.000119048
0.000564338
-0.000141812
0.000601903
-0.000158095
0.000618218
-0.00016756
0.000618315
-0.000170521
0.000606477
-0.000167681
0.00058616
-0.000159939
0.000560047
-0.000148254
0.000530153
-0.000133566
0.00049795
-0.000116744
0.000464483
-9.85676e-05
0.000430471
-7.97207e-05
0.000396387
-6.07939e-05
0.000362524
-4.22935e-05
0.000329041
-2.46517e-05
0.000296002
-8.23744e-06
0.000263399
6.63316e-06
0.000231174
1.96881e-05
0.000199232
3.06914e-05
0.000167446
3.94375e-05
0.000135668
4.5746e-05
0.000103731
4.9459e-05
7.14469e-05
5.04401e-05
3.86142e-05
4.85745e-05
5.0123e-06
4.37719e-05
-2.95958e-05
3.5972e-05
-6.54639e-05
2.51529e-05
-0.000102861
1.13427e-05
-0.000142069
-5.36362e-06
-0.000183372
-2.47828e-05
-0.000227048
-4.66162e-05
-0.000273346
-7.04161e-05
-0.000322452
-9.55485e-05
-0.000374442
-0.000121152
-0.000429207
-0.0001461
-0.00048635
-0.00016898
-0.00054505
-0.000188091
-0.000603878
-0.000201509
-0.000660574
-0.000207218
-0.000711806
-0.000203367
-0.000752923
-0.000188659
-0.00077779
-0.000162883
-0.000778809
-0.000127524
-0.000747256
-8.63162e-05
-0.000674103
-4.55101e-05
-0.00055134
-1.35671e-05
-0.000373746
-0.000141039
-1.11599e-05
0.000112625
-3.71562e-05
0.000297148
-6.97721e-05
0.000436291
-0.000102142
0.000532407
-0.000129584
0.000591779
-0.000149497
0.000621816
-0.000160916
0.000629637
-0.000163998
0.000621397
-0.000159574
0.000602053
-0.000148808
0.000575394
-0.000132971
0.000544211
-0.000113304
0.000510486
-9.09417e-05
0.000475588
-6.68808e-05
0.000440422
-4.19755e-05
0.000405566
-1.69447e-05
0.000371357
7.61219e-06
0.000337967
3.11983e-05
0.000305455
5.34015e-05
0.000273798
7.38782e-05
0.000242922
9.23399e-05
0.000212712
0.000108541
0.000183031
0.000122269
0.000153718
0.000133338
0.000124599
0.00014158
9.5488e-05
0.000146845
6.61818e-05
0.000148995
3.64643e-05
0.000147904
6.10294e-06
0.000143462
-2.51536e-05
0.000135575
-5.75771e-05
0.000124176
-9.14617e-05
0.000109231
-0.000127124
9.07599e-05
-0.0001649
6.88531e-05
-0.000205141
4.3703e-05
-0.000248196
1.56408e-05
-0.00029439
-1.48176e-05
-0.000343984
-4.69164e-05
-0.000397108
-7.96001e-05
-0.000453667
-0.000111456
-0.000513194
-0.000140677
-0.000574656
-0.000165066
-0.000636185
-0.000182127
-0.000694746
-0.000189287
-0.000745762
-0.000184317
-0.00078276
-0.000165972
-0.000797154
-0.00013485
-0.000778378
-9.43144e-05
-0.000714638
-5.11792e-05
-0.000594475
-1.56668e-05
-0.000409259
-0.000156706
-1.38559e-05
0.000126481
-4.46577e-05
0.00032795
-8.1184e-05
0.000472817
-0.000114805
0.000566027
-0.0001403
0.000617275
-0.000155341
0.000636857
-0.000159627
0.000633922
-0.000154077
0.000615848
-0.000140221
0.000588197
-0.000119784
0.000554957
-9.44464e-05
0.000518873
-6.57232e-05
0.000481763
-3.49151e-05
0.000444779
-3.10471e-06
0.000408612
2.8825e-05
0.000373636
6.01637e-05
0.000340018
9.03437e-05
0.000307787
0.000118912
0.000276886
0.000145507
0.000247203
0.000169836
0.000218593
0.000191658
0.00019089
0.000210773
0.000163916
0.000227006
0.000137484
0.000240203
0.000111402
0.000250222
8.54698e-05
0.000256926
5.94773e-05
0.000260186
3.32045e-05
0.000259873
6.41636e-06
0.00025586
-2.1141e-05
0.000248027
-4.97441e-05
0.000236262
-7.96967e-05
0.000220471
-0.000111333
0.000200592
-0.000145021
0.000176613
-0.000181162
0.000148599
-0.000220182
0.000116733
-0.000262524
8.13631e-05
-0.000308614
4.30721e-05
-0.000358817
2.75443e-06
-0.000413349
-3.82912e-05
-0.000472148
-7.82729e-05
-0.000534675
-0.000114842
-0.000599616
-0.000145102
-0.000664486
-0.000165753
-0.000725111
-0.000173476
-0.000775038
-0.000165647
-0.000804982
-0.000141453
-0.000802573
-0.000103305
-0.000752786
-5.82305e-05
-0.000639549
-1.84673e-05
-0.000449022
-0.000175173
-1.76908e-05
0.000144172
-5.45755e-05
0.000364835
-9.50936e-05
0.000513335
-0.000128586
0.00059952
-0.000149661
0.00063835
-0.000156811
0.000644006
-0.000150883
0.000627995
-0.000133898
0.000598863
-0.000108262
0.000562561
-7.63227e-05
0.000523017
-4.01574e-05
0.000482708
-1.50037e-06
0.000443106
3.82542e-05
0.000405025
7.80133e-05
0.000368853
0.000116935
0.000334714
0.000154379
0.000302574
0.00018986
0.000272306
0.000223012
0.000243734
0.000253556
0.000216659
0.000281277
0.000190872
0.000306006
0.000166161
0.000327602
0.00014232
0.000345945
0.000119142
0.000360922
9.64251e-05
0.000372426
7.39655e-05
0.000380347
5.15562e-05
0.000384569
2.89825e-05
0.000384968
6.01752e-06
0.00038141
-1.7583e-05
0.000373753
-4.20865e-05
0.000361846
-6.779e-05
0.000345539
-9.50266e-05
0.00032469
-0.000124172
0.000299179
-0.00015565
0.000268933
-0.000189936
0.00023396
-0.000227551
0.000194402
-0.000269056
0.000150598
-0.000315014
0.000103187
-0.000365938
5.32193e-05
-0.000422181
2.30178e-06
-0.000483757
-4.72577e-05
-0.000550056
-9.23422e-05
-0.000619401
-0.000129034
-0.00068842
-0.000152868
-0.000751204
-0.000159514
-0.000798336
-0.000146084
-0.000816003
-0.000113138
-0.000785732
-6.71385e-05
-0.000685549
-2.23558e-05
-0.000493804
-0.000197529
-2.33086e-05
0.00016748
-6.7704e-05
0.000409231
-0.000111455
0.000557086
-0.000141969
0.000630034
-0.000154566
0.000650947
-0.000149474
0.000638915
-0.000129345
0.000607865
-9.76418e-05
0.000567161
-5.77644e-05
0.000522683
-1.26519e-05
0.000477905
3.53277e-05
0.000434728
8.43513e-05
0.000394082
0.00013306
0.000356316
0.000180465
0.000321448
0.000225861
0.000289318
0.000268752
0.000259683
0.000308794
0.000232264
0.000345752
0.000206776
0.000379466
0.000182946
0.000409823
0.000160514
0.000436743
0.000139241
0.000460162
0.000118901
0.000480022
9.92821e-05
0.000496264
8.01827e-05
0.000508823
6.14065e-05
0.000517621
4.27586e-05
0.000522563
2.404e-05
0.000523538
5.04266e-06
0.000520412
-1.44566e-05
0.000513028
-3.47029e-05
0.000501209
-5.59705e-05
0.000484754
-7.8572e-05
0.000463449
-0.000102867
0.000437071
-0.000129273
0.000405408
-0.000158273
0.000368284
-0.000190427
0.000325602
-0.000226374
0.00027741
-0.000266822
0.000223996
-0.000312523
0.000166021
-0.000364206
0.000104705
-0.000422441
4.20486e-05
-0.0004874
-1.89186e-05
-0.000558434
-7.39472e-05
-0.000633391
-0.00011757
-0.000707582
-0.000143564
-0.000772341
-0.000146261
-0.000813306
-0.000123085
-0.000808908
-7.84303e-05
-0.000730204
-2.79707e-05
-0.000544264
-0.0002255
-3.17653e-05
0.000199246
-8.4843e-05
0.000462308
-0.000129157
0.0006014
-0.000151294
0.000652171
-0.000149075
0.000648728
-0.00012582
0.00061566
-8.67037e-05
0.000568749
-3.68613e-05
0.000517318
1.93921e-05
0.00046643
7.87372e-05
0.00041856
0.000138761
0.000374705
0.00019778
0.000335063
0.000254662
0.000299433
0.000308673
0.000267437
0.000359355
0.000238637
0.000406438
0.0002126
0.00044978
0.000188922
0.000489317
0.000167239
0.000525032
0.000147231
0.000556936
0.000128611
0.000585048
0.000111129
0.00060939
9.45592e-05
0.000629973
7.8699e-05
0.000646796
6.336e-05
0.000659839
4.83641e-05
0.000669059
3.35381e-05
0.000674391
1.87083e-05
0.000675739
3.69489e-06
0.000672977
-1.16945e-05
0.000665944
-2.76708e-05
0.000654446
-4.4472e-05
0.000638246
-6.23722e-05
0.000617072
-8.16924e-05
0.000590612
-0.000102813
0.00055853
-0.00012619
0.00052047
-0.000152368
0.000476096
-0.000182
0.000425132
-0.000215859
0.000367453
-0.000254844
0.000303206
-0.000299959
0.000233014
-0.000352248
0.000158251
-0.000412638
8.14223e-05
-0.000481605
6.59057e-06
-0.000558559
-6.0251e-05
-0.00064074
-0.000111163
-0.000721429
-0.000137175
-0.000787294
-0.000130995
-0.000815088
-9.23993e-05
-0.0007688
-3.63286e-05
-0.000600335
-0.000261828
-4.46545e-05
0.0002439
-0.000106064
0.000523718
-0.000144277
0.000639612
-0.000148529
0.000656423
-0.000122257
0.000622456
-7.35128e-05
0.000566916
-1.04721e-05
0.000505709
6.02462e-05
0.0004466
0.00013386
0.000392816
0.000207155
0.000345265
0.000278096
0.000303764
0.000345467
0.000267692
0.000408602
0.000236299
0.000467183
0.000208856
0.000521111
0.000184709
0.000570415
0.000163296
0.000615192
0.000144144
0.000655576
0.000126856
0.000691708
0.000111099
0.000723724
9.65945e-05
0.000751748
8.31049e-05
0.000775882
7.04253e-05
0.000796205
5.83755e-05
0.000812771
4.67939e-05
0.000825605
3.55307e-05
0.000834699
2.44432e-05
0.000840017
1.33904e-05
0.000841485
2.22771e-06
0.000838989
-9.19891e-06
0.000832376
-2.10577e-05
0.000821444
-3.35398e-05
0.000805939
-4.68675e-05
0.000785551
-6.13047e-05
0.000759908
-7.71703e-05
0.000728573
-9.48545e-05
0.000691045
-0.00011484
0.00064677
-0.000137725
0.000595165
-0.000164254
0.000535673
-0.000195351
0.000467855
-0.000232141
0.000391568
-0.000275962
0.000307247
-0.000328317
0.00021635
-0.000390708
0.000121995
-0.000464205
2.97716e-05
-0.000548517
-5.15063e-05
-0.000640151
-0.000109729
-0.000729072
-0.000131466
-0.000793351
-0.000108113
-0.000792153
-4.88248e-05
-0.000659623
-0.000310653
-6.36403e-05
0.00030754
-0.000128119
0.000588197
-0.000145968
0.000657461
-0.000117052
0.000627507
-5.48032e-05
0.000560207
2.68578e-05
0.000485255
0.000117247
0.00041532
0.000209288
0.000354558
0.000298752
0.000303353
0.000383339
0.000260678
0.00046196
0.000225142
0.000534245
0.000195407
0.000600219
0.000170324
0.000660119
0.000148956
0.000714272
0.000130556
0.000763034
0.000114534
0.000806753
0.000100425
0.000845751
8.78572e-05
0.000880316
7.65338e-05
0.000910697
6.62138e-05
0.000937103
5.66989e-05
0.000959706
4.78226e-05
0.000978639
3.94424e-05
0.000994
3.1433e-05
0.00100585
2.36809e-05
0.00101421
1.60795e-05
0.00101908
8.52534e-06
0.00102039
9.13799e-07
0.00101806
-6.8693e-06
0.00101195
-1.49432e-05
0.00100186
-2.34474e-05
0.000987533
-3.25449e-05
0.000968659
-4.24309e-05
0.000944834
-5.3345e-05
0.000915566
-6.55864e-05
0.00088026
-7.95338e-05
0.000838207
-9.5672e-05
0.000788581
-0.000114628
0.000730445
-0.000137215
0.000662798
-0.000164494
0.000584675
-0.000197838
0.000495358
-0.000239
0.000394779
-0.00029013
0.000284231
-0.000353656
0.000167497
-0.000431783
5.24609e-05
-0.000525115
-4.72373e-05
-0.000629374
-0.000111944
-0.000728644
-0.000120425
-0.000783672
-6.64008e-05
-0.000713647
-0.000377054
-8.77825e-05
0.000395323
-0.00013675
0.000637164
-0.000107404
0.000628115
-2.43119e-05
0.000544415
8.56073e-05
0.000450288
0.000204005
0.000366858
0.000320282
0.000299042
0.000429189
0.000245651
0.00052865
0.000203892
0.000618273
0.000171055
0.000698473
0.000144942
0.000769999
0.000123882
0.000833688
0.000106635
0.000890349
9.22945e-05
0.000940715
8.01898e-05
0.000985426
6.98233e-05
0.00102503
6.08206e-05
0.00105999
5.28959e-05
0.0010907
4.58281e-05
0.00111747
3.94428e-05
0.00114057
3.35999e-05
0.00116021
2.81847e-05
0.00117655
2.3101e-05
0.00118971
1.82657e-05
0.00119979
1.36046e-05
0.00120682
9.04925e-06
0.00121081
4.53335e-06
0.00121173
-3.98589e-09
0.00120951
-4.64606e-06
0.00120402
-9.45581e-06
0.0011951
-1.45259e-05
0.00118251
-1.99584e-05
0.00116596
-2.58778e-05
0.00114505
-3.24387e-05
0.0011193
-3.98368e-05
0.00108809
-4.83252e-05
0.00105066
-5.82357e-05
0.00100604
-7.00101e-05
0.000953071
-8.42456e-05
0.000890336
-0.000101759
0.000816176
-0.000123679
0.000728756
-0.00015158
0.000626273
-0.000187647
0.000507485
-0.000234867
0.000372812
-0.000297111
0.000226432
-0.000378735
7.96338e-05
-0.000482576
-4.51158e-05
-0.000603894
-0.000112368
-0.000716419
-8.62601e-05
-0.000739755
-0.000463314
-0.00010443
0.000499753
-8.63822e-05
0.000619116
3.24399e-05
0.000509293
0.00018937
0.000387485
0.000349103
0.000290555
0.000496543
0.000219418
0.000626809
0.000168777
0.000739736
0.000132723
0.000837015
0.000106613
0.00092081
8.72601e-05
0.000993199
7.25536e-05
0.00105598
6.11023e-05
0.00111063
5.1979e-05
0.00115837
4.45557e-05
0.00120017
3.83979e-05
0.00123679
3.31987e-05
0.00126887
2.87362e-05
0.00129692
2.48466e-05
0.00132135
2.14064e-05
0.00134247
1.83204e-05
0.00136055
1.55138e-05
0.00137581
1.29261e-05
0.00138841
1.05077e-05
0.00139846
8.21604e-06
0.00140605
6.01387e-06
0.00141123
3.8671e-06
0.00141402
1.74332e-06
0.0014144
-3.8927e-07
0.00141232
-2.56745e-06
0.00140769
-4.82578e-06
0.00140038
-7.20761e-06
0.00139018
-9.76349e-06
0.00137686
-1.25549e-05
0.00136008
-1.5659e-05
0.00133942
-1.91748e-05
0.00131432
-2.32318e-05
0.00128409
-2.80034e-05
0.00124781
-3.37259e-05
0.00120429
-4.0728e-05
0.00115201
-4.94774e-05
0.00108898
-6.06552e-05
0.00101268
-7.52775e-05
0.000919932
-9.48969e-05
0.000806996
-0.000121931
0.000670057
-0.000160171
0.000506748
-0.000215426
0.000319858
-0.000295686
0.000124855
-0.000408891
-3.73722e-05
-0.000554192
-9.20257e-05
-0.000685102
-0.00055534
-2.82041e-05
0.000527957
0.000157802
0.00043311
0.000401862
0.000265233
0.000622114
0.000167233
0.000802828
0.000109841
0.000947263
7.49822e-05
0.00106253
5.35094e-05
0.00115535
3.99021e-05
0.00123107
3.08932e-05
0.00129369
2.46425e-05
0.00134613
2.01142e-05
0.00139052
1.67074e-05
0.00142844
1.40601e-05
0.00146105
1.19457e-05
0.00148923
1.02163e-05
0.00151366
8.77235e-06
0.00153485
7.54406e-06
0.00155322
6.48133e-06
0.00156908
5.54714e-06
0.00158268
4.71345e-06
0.00159424
3.95851e-06
0.0016039
3.26499e-06
0.00161179
2.61876e-06
0.001618
2.00788e-06
0.00162259
1.42198e-06
0.0016256
8.51606e-07
0.00162706
2.87894e-07
0.00162695
-2.78154e-07
0.00162524
-8.56019e-07
0.00162187
-1.45569e-06
0.00161675
-2.08883e-06
0.00160975
-2.76936e-06
0.00160071
-3.51432e-06
0.0015894
-4.34521e-06
0.00157552
-5.28984e-06
0.00155867
-6.38508e-06
0.00153835
-7.68085e-06
0.00151387
-9.24638e-06
0.00148432
-1.11802e-05
0.00144847
-1.36267e-05
0.00140462
-1.68053e-05
0.0013504
-2.10634e-05
0.00128249
-2.69782e-05
0.00119611
-3.55603e-05
0.00108461
-4.86665e-05
0.000938979
-6.9795e-05
0.000748739
-0.000105446
0.000507169
-0.000167322
0.000229501
-0.000276524
3.07893e-06
-0.000458679
-0.000552261
0.000527957
0.000961067
0.0012263
0.00139353
0.00150337
0.00157836
0.00163187
0.00167177
0.00170266
0.0017273
0.00174742
0.00176412
0.00177818
0.00179013
0.00180035
0.00180912
0.00181666
0.00182314
0.00182869
0.00183341
0.00183736
0.00184063
0.00184325
0.00184526
0.00184668
0.00184753
0.00184782
0.00184754
0.00184668
0.00184523
0.00184314
0.00184037
0.00183685
0.00183251
0.00182722
0.00182083
0.00181315
0.00180391
0.00179273
0.0017791
0.00176229
0.00174123
0.00171425
0.00167869
0.00163003
0.00156023
0.00145479
0.00128746
0.00101094
0.000552261
)
;

boundaryField
{
    movingWall
    {
        type            calculated;
        value           uniform 0;
    }
    fixedWalls
    {
        type            calculated;
        value           uniform 0;
    }
    frontAndBack
    {
        type            empty;
        value           nonuniform List<scalar> 0();
    }
}


// ************************************************************************* //
