/*--------------------------------*- C++ -*----------------------------------*\
| =========                 |                                                 |
| \\      /  F ield         | OpenFOAM: The Open Source CFD Toolbox           |
|  \\    /   O peration     | Version:  2312                                  |
|   \\  /    A nd           | Website:  www.openfoam.com                      |
|    \\/     M anipulation  |                                                 |
\*---------------------------------------------------------------------------*/
FoamFile
{
    version     2.0;
    format      ascii;
    arch        "LSB;label=32;scalar=64";
    class       volVectorField;
    location    "50";
    object      U;
}
// * * * * * * * * * * * * * * * * * * * * * * * * * * * * * * * * * * * * * //

dimensions      [0 1 -1 0 0 0 0];

internalField   nonuniform List<vector> 
2500
(
(3.31076e-05 -3.30425e-05 0)
(9.86486e-05 -3.99751e-05 0)
(0.000133609 -1.94994e-05 0)
(9.68231e-05 9.82428e-06 0)
(-2.45128e-05 3.96637e-05 0)
(-0.000227915 6.68545e-05 0)
(-0.000505172 9.02098e-05 0)
(-0.000845895 0.000109437 0)
(-0.00123884 0.000124621 0)
(-0.00167269 0.000135991 0)
(-0.00213647 0.000143821 0)
(-0.00261971 0.000148396 0)
(-0.00311261 0.000149986 0)
(-0.00360598 0.000148845 0)
(-0.00409132 0.000145205 0)
(-0.00456075 0.000139278 0)
(-0.00500702 0.00013126 0)
(-0.00542345 0.000121331 0)
(-0.00580396 0.000109661 0)
(-0.00614303 9.64159e-05 0)
(-0.00643571 8.1762e-05 0)
(-0.00667763 6.58693e-05 0)
(-0.00686505 4.89175e-05 0)
(-0.00699485 3.10996e-05 0)
(-0.00706464 1.26257e-05 0)
(-0.00707275 -6.27438e-06 0)
(-0.00701835 -2.53495e-05 0)
(-0.00690146 -4.43269e-05 0)
(-0.00672305 -6.29132e-05 0)
(-0.00648504 -8.07962e-05 0)
(-0.00619044 -9.76486e-05 0)
(-0.00584326 -0.000113132 0)
(-0.00544863 -0.000126902 0)
(-0.00501273 -0.000138618 0)
(-0.00454282 -0.000147944 0)
(-0.00404711 -0.000154565 0)
(-0.00353475 -0.000158187 0)
(-0.00301571 -0.000158548 0)
(-0.00250062 -0.000155424 0)
(-0.00200066 -0.000148638 0)
(-0.00152733 -0.000138058 0)
(-0.00109224 -0.000123615 0)
(-0.000706837 -0.000105312 0)
(-0.000382052 -8.32584e-05 0)
(-0.000127728 -5.77701e-05 0)
(4.81633e-05 -2.95956e-05 0)
(0.00014099 -3.30444e-07 0)
(0.000152502 2.64555e-05 0)
(0.000100718 4.26832e-05 0)
(3.13818e-05 3.13254e-05 0)
(4.05053e-05 -9.88692e-05 0)
(8.89718e-05 -8.78658e-05 0)
(3.04417e-05 2.35909e-05 0)
(-0.000197756 0.00017322 0)
(-0.000620164 0.000329941 0)
(-0.00123586 0.000478044 0)
(-0.00203068 0.000609636 0)
(-0.00298314 0.000721162 0)
(-0.00406784 0.000811381 0)
(-0.00525774 0.000880279 0)
(-0.00652552 0.0009285 0)
(-0.0078444 0.000957034 0)
(-0.00918861 0.000967037 0)
(-0.0105337 0.00095973 0)
(-0.0118568 0.000936342 0)
(-0.0131363 0.000898079 0)
(-0.0143523 0.000846115 0)
(-0.0154867 0.000781595 0)
(-0.0165225 0.000705648 0)
(-0.0174445 0.000619401 0)
(-0.0182394 0.000524001 0)
(-0.018895 0.00042064 0)
(-0.0194014 0.000310569 0)
(-0.0197503 0.000195122 0)
(-0.0199352 7.57332e-05 0)
(-0.0199521 -4.60566e-05 0)
(-0.0197989 -0.000168589 0)
(-0.0194762 -0.000290092 0)
(-0.0189869 -0.000408684 0)
(-0.0183367 -0.000522392 0)
(-0.0175339 -0.000629174 0)
(-0.0165897 -0.000726942 0)
(-0.0155182 -0.000813605 0)
(-0.0143362 -0.000887104 0)
(-0.0130632 -0.000945462 0)
(-0.0117212 -0.000986834 0)
(-0.0103345 -0.00100956 0)
(-0.00892949 -0.0010122 0)
(-0.00753398 -0.000993642 0)
(-0.00617698 -0.000953092 0)
(-0.00488799 -0.000890195 0)
(-0.00369632 -0.000805112 0)
(-0.00263019 -0.00069867 0)
(-0.00171557 -0.000572618 0)
(-0.000974598 -0.000430115 0)
(-0.000423291 -0.000276689 0)
(-6.82268e-05 -0.000121923 0)
(9.85479e-05 1.72404e-05 0)
(0.000111445 0.000110407 0)
(4.29655e-05 0.000100636 0)
(2.10123e-05 -0.000135608 0)
(-1.97378e-05 -3.04267e-05 0)
(-0.000260404 0.00026443 0)
(-0.00075355 0.000639257 0)
(-0.00152183 0.00103341 0)
(-0.00256396 0.00141101 0)
(-0.00386176 0.00175145 0)
(-0.00538645 0.00204374 0)
(-0.00710301 0.00228273 0)
(-0.00897313 0.00246672 0)
(-0.0109572 0.00259617 0)
(-0.0130158 0.00267278 0)
(-0.0151105 0.00269897 0)
(-0.0172041 0.00267758 0)
(-0.0192617 0.00261164 0)
(-0.0212504 0.00250427 0)
(-0.0231394 0.00235859 0)
(-0.0249003 0.00217775 0)
(-0.0265072 0.0019649 0)
(-0.0279366 0.00172325 0)
(-0.0291674 0.00145608 0)
(-0.0301814 0.00116682 0)
(-0.030963 0.000859067 0)
(-0.0314996 0.000536642 0)
(-0.0317816 0.000203629 0)
(-0.031803 -0.000135609 0)
(-0.0315609 -0.000476414 0)
(-0.0310565 -0.000813843 0)
(-0.0302947 -0.00114269 0)
(-0.0292845 -0.00145752 0)
(-0.0280391 -0.00175274 0)
(-0.0265758 -0.0020227 0)
(-0.0249164 -0.00226174 0)
(-0.0230868 -0.00246434 0)
(-0.0211166 -0.00262524 0)
(-0.0190395 -0.00273959 0)
(-0.0168923 -0.00280306 0)
(-0.0147147 -0.00281204 0)
(-0.0125486 -0.0027638 0)
(-0.010437 -0.00265667 0)
(-0.00842377 -0.00249024 0)
(-0.00655175 -0.00226571 0)
(-0.00486175 -0.0019863 0)
(-0.00339064 -0.0016579 0)
(-0.0021691 -0.00129022 0)
(-0.00121862 -0.000898675 0)
(-0.000547516 -0.000507616 0)
(-0.000145589 -0.000155159 0)
(2.33378e-05 9.9032e-05 0)
(2.79884e-05 0.000153888 0)
(-7.24288e-06 -0.00010241 0)
(-0.000167995 0.000195613 0)
(-0.000636969 0.000757468 0)
(-0.00143835 0.00143563 0)
(-0.00258275 0.00214175 0)
(-0.00406427 0.00281934 0)
(-0.00585949 0.00343336 0)
(-0.00793312 0.00396347 0)
(-0.0102425 0.00439893 0)
(-0.0127405 0.00473519 0)
(-0.0153782 0.00497175 0)
(-0.0181059 0.00511065 0)
(-0.020875 0.00515559 0)
(-0.0236382 0.00511123 0)
(-0.0263505 0.00498279 0)
(-0.0289694 0.00477584 0)
(-0.0314549 0.00449613 0)
(-0.0337702 0.00414952 0)
(-0.0358815 0.00374199 0)
(-0.0377581 0.00327968 0)
(-0.0393727 0.00276892 0)
(-0.0407015 0.00221633 0)
(-0.0417243 0.00162886 0)
(-0.042425 0.0010139 0)
(-0.0427913 0.000379301 0)
(-0.0428154 -0.000266572 0)
(-0.0424942 -0.000914837 0)
(-0.0418293 -0.00155611 0)
(-0.0408274 -0.00218054 0)
(-0.0395005 -0.00277791 0)
(-0.0378658 -0.00333775 0)
(-0.035946 -0.00384949 0)
(-0.0337694 -0.00430262 0)
(-0.0313694 -0.00468694 0)
(-0.0287844 -0.00499278 0)
(-0.0260574 -0.00521125 0)
(-0.0232358 -0.00533456 0)
(-0.02037 -0.0053563 0)
(-0.0175134 -0.00527179 0)
(-0.0147207 -0.00507842 0)
(-0.0120468 -0.00477613 0)
(-0.00954552 -0.00436793 0)
(-0.00726766 -0.00386069 0)
(-0.00525877 -0.00326626 0)
(-0.00355667 -0.00260316 0)
(-0.00218831 -0.00189924 0)
(-0.00116573 -0.00119584 0)
(-0.000481291 -0.000553277 0)
(-0.000107133 -5.93084e-05 0)
(3.50558e-06 0.00014791 0)
(-3.67153e-05 1.5027e-05 0)
(-0.000328208 0.000619751 0)
(-0.0010471 0.00153403 0)
(-0.0021794 0.00258525 0)
(-0.00371718 0.00366323 0)
(-0.00564602 0.00469352 0)
(-0.00793517 0.00562745 0)
(-0.0105423 0.00643507 0)
(-0.0134174 0.00709941 0)
(-0.0165062 0.00761237 0)
(-0.0197517 0.00797196 0)
(-0.023096 0.00818022 0)
(-0.0264821 0.00824196 0)
(-0.0298545 0.00816369 0)
(-0.0331597 0.00795308 0)
(-0.0363471 0.00761848 0)
(-0.0393694 0.00716871 0)
(-0.0421823 0.00661291 0)
(-0.0447455 0.0059605 0)
(-0.0470222 0.00522124 0)
(-0.0489797 0.00440524 0)
(-0.0505897 0.00352313 0)
(-0.051828 0.00258605 0)
(-0.0526754 0.00160584 0)
(-0.0531174 0.000595055 0)
(-0.053145 -0.000432986 0)
(-0.0527544 -0.00146417 0)
(-0.0519479 -0.00248363 0)
(-0.0507336 -0.00347585 0)
(-0.0491259 -0.00442476 0)
(-0.0471457 -0.00531395 0)
(-0.0448201 -0.00612688 0)
(-0.0421826 -0.00684721 0)
(-0.039273 -0.0074591 0)
(-0.0361369 -0.0079476 0)
(-0.0328253 -0.00829908 0)
(-0.029394 -0.00850164 0)
(-0.0259027 -0.00854567 0)
(-0.0224141 -0.0084243 0)
(-0.0189924 -0.00813404 0)
(-0.015702 -0.00767546 0)
(-0.0126058 -0.00705398 0)
(-0.0097632 -0.00628103 0)
(-0.00722743 -0.00537545 0)
(-0.00504339 -0.00436564 0)
(-0.00324453 -0.00329266 0)
(-0.00184905 -0.00221468 0)
(-0.000855949 -0.00121245 0)
(-0.000252187 -0.000397223 0)
(-2.29078e-05 6.63595e-05 0)
(-6.47961e-05 0.000217463 0)
(-0.000487726 0.00125029 0)
(-0.00146275 0.00260755 0)
(-0.00293436 0.00410223 0)
(-0.00487245 0.0056086 0)
(-0.00725111 0.00703804 0)
(-0.0100302 0.00833021 0)
(-0.0131591 0.00944641 0)
(-0.0165807 0.0103636 0)
(-0.0202334 0.0110701 0)
(-0.0240532 0.0115622 0)
(-0.0279753 0.0118417 0)
(-0.0319354 0.0119146 0)
(-0.0358711 0.0117892 0)
(-0.039722 0.0114759 0)
(-0.0434308 0.010986 0)
(-0.0469436 0.0103317 0)
(-0.0502104 0.00952601 0)
(-0.053185 0.00858221 0)
(-0.0558257 0.00751427 0)
(-0.0580953 0.00633675 0)
(-0.0599613 0.0050649 0)
(-0.0613964 0.00371482 0)
(-0.0623787 0.00230353 0)
(-0.0628918 0.000849063 0)
(-0.0629255 -0.000629456 0)
(-0.0624755 -0.00211184 0)
(-0.0615445 -0.0035769 0)
(-0.0601417 -0.00500253 0)
(-0.0582836 -0.00636591 0)
(-0.0559937 -0.00764382 0)
(-0.0533029 -0.00881288 0)
(-0.0502492 -0.00985006 0)
(-0.0468774 -0.0107331 0)
(-0.0432391 -0.011441 0)
(-0.039392 -0.0119547 0)
(-0.0353991 -0.0122577 0)
(-0.0313277 -0.0123369 0)
(-0.0272485 -0.0121829 0)
(-0.0232339 -0.0117913 0)
(-0.0193566 -0.0111634 0)
(-0.0156877 -0.0103074 0)
(-0.0122945 -0.00923968 0)
(-0.00923795 -0.00798653 0)
(-0.00657063 -0.00658649 0)
(-0.00433388 -0.00509357 0)
(-0.00255435 -0.00358153 0)
(-0.00124068 -0.00214883 0)
(-0.000398399 -0.000925266 0)
(-4.82979e-05 -9.27027e-05 0)
(-9.07472e-05 0.000501503 0)
(-0.000641184 0.00208583 0)
(-0.00186986 0.00397968 0)
(-0.00368005 0.00598955 0)
(-0.00601802 0.00797978 0)
(-0.00884444 0.00985154 0)
(-0.0121081 0.0115354 0)
(-0.0157491 0.0129855 0)
(-0.0197022 0.0141736 0)
(-0.0238989 0.0150847 0)
(-0.0282683 0.0157136 0)
(-0.0327393 0.0160622 0)
(-0.0372414 0.0161375 0)
(-0.0417061 0.0159499 0)
(-0.0460671 0.0155124 0)
(-0.0502615 0.0148398 0)
(-0.0542301 0.013948 0)
(-0.0579176 0.012854 0)
(-0.0612733 0.0115756 0)
(-0.0642511 0.0101313 0)
(-0.0668101 0.00854072 0)
(-0.0689143 0.00682424 0)
(-0.0705336 0.00500349 0)
(-0.0716438 0.00310131 0)
(-0.0722268 0.0011419 0)
(-0.072271 -0.000849178 0)
(-0.071772 -0.00284496 0)
(-0.0707324 -0.00481718 0)
(-0.0691622 -0.00673643 0)
(-0.0670794 -0.00857241 0)
(-0.0645096 -0.0102943 0)
(-0.0614866 -0.0118711 0)
(-0.0580519 -0.0132725 0)
(-0.0542547 -0.0144688 0)
(-0.0501514 -0.0154327 0)
(-0.0458054 -0.0161388 0)
(-0.0412856 -0.0165658 0)
(-0.0366661 -0.0166961 0)
(-0.0320246 -0.016518 0)
(-0.0274409 -0.0160258 0)
(-0.0229956 -0.0152215 0)
(-0.0187673 -0.014116 0)
(-0.0148313 -0.0127307 0)
(-0.0112569 -0.0110992 0)
(-0.00810511 -0.00926978 0)
(-0.0054267 -0.00730859 0)
(-0.00325861 -0.00530328 0)
(-0.00162117 -0.00336715 0)
(-0.000540123 -0.00164419 0)
(-7.1825e-05 -0.000326779 0)
(-0.000114593 0.000862694 0)
(-0.000786925 0.0031205 0)
(-0.0022625 0.00564564 0)
(-0.00440537 0.00824343 0)
(-0.00713811 0.0107729 0)
(-0.0104069 0.0131287 0)
(-0.0141484 0.0152351 0)
(-0.0182923 0.0170408 0)
(-0.0227649 0.0185138 0)
(-0.0274901 0.0196365 0)
(-0.0323905 0.020403 0)
(-0.0373889 0.0208153 0)
(-0.0424092 0.0208818 0)
(-0.0473772 0.0206152 0)
(-0.0522218 0.0200316 0)
(-0.0568752 0.0191493 0)
(-0.0612735 0.0179881 0)
(-0.0653573 0.0165695 0)
(-0.0690719 0.014916 0)
(-0.0723676 0.0130513 0)
(-0.0752001 0.0110001 0)
(-0.0775307 0.0087887 0)
(-0.0793267 0.00644456 0)
(-0.0805619 0.00399687 0)
(-0.0812164 0.00147648 0)
(-0.0812778 -0.00108405 0)
(-0.0807407 -0.0036504 0)
(-0.0796077 -0.00618667 0)
(-0.0778891 -0.00865553 0)
(-0.0756039 -0.0110186 0)
(-0.0727794 -0.0132367 0)
(-0.0694512 -0.0152708 0)
(-0.0656638 -0.0170822 0)
(-0.0614698 -0.0186339 0)
(-0.0569298 -0.0198907 0)
(-0.0521115 -0.020821 0)
(-0.0470896 -0.0213975 0)
(-0.0419439 -0.0215984 0)
(-0.0367587 -0.0214085 0)
(-0.0316208 -0.0208208 0)
(-0.0266179 -0.0198375 0)
(-0.021837 -0.0184721 0)
(-0.0173614 -0.0167504 0)
(-0.0132695 -0.0147129 0)
(-0.00963175 -0.0124171 0)
(-0.0065097 -0.00993986 0)
(-0.003952 -0.00738103 0)
(-0.00199192 -0.00486622 0)
(-0.000675639 -0.00255027 0)
(-9.34089e-05 -0.000632041 0)
(-0.000136621 0.00129655 0)
(-0.000925029 0.00434669 0)
(-0.00263912 0.00759758 0)
(-0.00510629 0.0108567 0)
(-0.0082261 0.0139812 0)
(-0.0119299 0.0168625 0)
(-0.0161414 0.019421 0)
(-0.0207794 0.0216022 0)
(-0.025761 0.0233717 0)
(-0.0310023 0.0247106 0)
(-0.0364193 0.0256128 0)
(-0.0419287 0.0260813 0)
(-0.0474491 0.0261261 0)
(-0.0529014 0.0257629 0)
(-0.0582098 0.0250107 0)
(-0.0633025 0.0238919 0)
(-0.0681116 0.0224305 0)
(-0.0725741 0.0206528 0)
(-0.0766319 0.0185862 0)
(-0.0802323 0.0162598 0)
(-0.0833281 0.013704 0)
(-0.0858781 0.0109511 0)
(-0.0878476 0.00803489 0)
(-0.0892083 0.00499124 0)
(-0.0899388 0.00185803 0)
(-0.0900255 -0.00132474 0)
(-0.0894621 -0.004515 0)
(-0.0882506 -0.00766872 0)
(-0.0864015 -0.0107402 0)
(-0.0839341 -0.0136822 0)
(-0.0808766 -0.0164471 0)
(-0.0772661 -0.0189869 0)
(-0.0731492 -0.0212541 0)
(-0.0685811 -0.0232032 0)
(-0.0636258 -0.0247913 0)
(-0.0583552 -0.0259794 0)
(-0.0528485 -0.0267339 0)
(-0.0471911 -0.0270276 0)
(-0.0414733 -0.0268417 0)
(-0.0357889 -0.0261671 0)
(-0.0302332 -0.0250057 0)
(-0.0249012 -0.0233729 0)
(-0.0198855 -0.0212984 0)
(-0.0152739 -0.018829 0)
(-0.0111477 -0.01603 0)
(-0.00758025 -0.0129881 0)
(-0.00463288 -0.00981365 0)
(-0.00235248 -0.00664262 0)
(-0.000805347 -0.00363855 0)
(-0.000113361 -0.00100481 0)
(-0.000157174 0.00179905 0)
(-0.0010563 0.00575663 0)
(-0.0030004 0.00982659 0)
(-0.00578271 0.0138205 0)
(-0.00928077 0.0175964 0)
(-0.0134111 0.0210447 0)
(-0.0180844 0.0240847 0)
(-0.0232078 0.0266605 0)
(-0.028689 0.0287369 0)
(-0.034436 0.0302951 0)
(-0.0403579 0.0313296 0)
(-0.0463655 0.0318453 0)
(-0.0523721 0.0318547 0)
(-0.0582942 0.0313762 0)
(-0.0640518 0.030433 0)
(-0.0695692 0.0290513 0)
(-0.0747754 0.02726 0)
(-0.0796041 0.0250901 0)
(-0.0839944 0.0225745 0)
(-0.087891 0.0197477 0)
(-0.0912443 0.0166463 0)
(-0.094011 0.0133085 0)
(-0.0961541 0.00977492 0)
(-0.0976438 0.00608832 0)
(-0.0984571 0.00229389 0)
(-0.0985788 -0.00156067 0)
(-0.0980018 -0.00542516 0)
(-0.0967272 -0.00924711 0)
(-0.0947649 -0.012972 0)
(-0.0921341 -0.0165436 0)
(-0.0888634 -0.0199048 0)
(-0.0849908 -0.0229983 0)
(-0.0805641 -0.0257674 0)
(-0.0756407 -0.0281575 0)
(-0.0702871 -0.0301169 0)
(-0.0645789 -0.0315987 0)
(-0.0585994 -0.0325621 0)
(-0.0524393 -0.032974 0)
(-0.0461948 -0.0328111 0)
(-0.0399667 -0.0320613 0)
(-0.0338582 -0.0307255 0)
(-0.0279729 -0.0288201 0)
(-0.0224131 -0.0263779 0)
(-0.0172772 -0.0234508 0)
(-0.0126583 -0.0201113 0)
(-0.00864236 -0.0164545 0)
(-0.00530442 -0.0126001 0)
(-0.00270526 -0.00869306 0)
(-0.000930662 -0.00490456 0)
(-0.000132118 -0.00144207 0)
(-0.000176573 0.0023668 0)
(-0.0011818 0.00734313 0)
(-0.00334804 0.0123239 0)
(-0.00643658 0.0171258 0)
(-0.010304 0.0216095 0)
(-0.0148522 0.0256668 0)
(-0.0199787 0.0292177 0)
(-0.0255792 0.0322069 0)
(-0.0315512 0.0346 0)
(-0.0377947 0.0363797 0)
(-0.0442117 0.0375425 0)
(-0.050707 0.0380957 0)
(-0.0571889 0.038055 0)
(-0.0635694 0.0374427 0)
(-0.0697648 0.036286 0)
(-0.0756962 0.0346157 0)
(-0.0812894 0.0324656 0)
(-0.0864756 0.029872 0)
(-0.0911915 0.0268733 0)
(-0.0953793 0.0235099 0)
(-0.0989876 0.0198242 0)
(-0.101971 0.0158612 0)
(-0.104291 0.011668 0)
(-0.105915 0.00729442 0)
(-0.10682 0.00279328 0)
(-0.106989 -0.00177987 0)
(-0.106412 -0.00636654 0)
(-0.10509 -0.0109055 0)
(-0.103032 -0.0153331 0)
(-0.100256 -0.0195837 0)
(-0.0967912 -0.0235905 0)
(-0.0926751 -0.0272862 0)
(-0.0879565 -0.0306044 0)
(-0.082694 -0.0334804 0)
(-0.0769564 -0.0358534 0)
(-0.0708222 -0.0376675 0)
(-0.0643786 -0.0388738 0)
(-0.0577212 -0.0394325 0)
(-0.0509523 -0.0393146 0)
(-0.0441796 -0.0385041 0)
(-0.0375146 -0.037 0)
(-0.0310704 -0.0348183 0)
(-0.0249595 -0.0319943 0)
(-0.019292 -0.0285839 0)
(-0.0141737 -0.0246655 0)
(-0.00970417 -0.0203418 0)
(-0.00597264 -0.0157408 0)
(-0.00305415 -0.0110159 0)
(-0.00105345 -0.00634544 0)
(-0.000150135 -0.00194179 0)
(-0.000195095 0.00299702 0)
(-0.00130261 0.00909997 0)
(-0.00368414 0.0150815 0)
(-0.00707075 0.0207639 0)
(-0.011299 0.0260119 0)
(-0.0162567 0.0307203 0)
(-0.0218282 0.0348116 0)
(-0.0278974 0.038233 0)
(-0.0343521 0.0409525 0)
(-0.0410835 0.0429556 0)
(-0.0479867 0.044242 0)
(-0.0549606 0.0448226 0)
(-0.0619084 0.0447172 0)
(-0.068738 0.0439524 0)
(-0.0753622 0.04256 0)
(-0.081699 0.0405761 0)
(-0.0876716 0.0380396 0)
(-0.0932091 0.0349923 0)
(-0.0982459 0.0314784 0)
(-0.102723 0.0275441 0)
(-0.106586 0.0232382 0)
(-0.109788 0.018612 0)
(-0.11229 0.0137196 0)
(-0.114057 0.00861786 0)
(-0.115064 0.00336713 0)
(-0.115291 -0.00196904 0)
(-0.11473 -0.00732375 0)
(-0.113378 -0.0126269 0)
(-0.111242 -0.0178054 0)
(-0.10834 -0.0227841 0)
(-0.1047 -0.0274858 0)
(-0.100359 -0.031833 0)
(-0.095366 -0.0357486 0)
(-0.0897799 -0.0391577 0)
(-0.0836713 -0.041989 0)
(-0.077121 -0.0441768 0)
(-0.0702201 -0.0456634 0)
(-0.0630688 -0.0464007 0)
(-0.0557753 -0.046353 0)
(-0.0484547 -0.0454993 0)
(-0.0412271 -0.0438351 0)
(-0.0342155 -0.0413755 0)
(-0.0275438 -0.0381564 0)
(-0.0213347 -0.0342367 0)
(-0.0157074 -0.0297 0)
(-0.0107762 -0.0246555 0)
(-0.00664511 -0.019239 0)
(-0.0034038 -0.0136119 0)
(-0.00117577 -0.00796045 0)
(-0.000167853 -0.00250305 0)
(-0.00021297 0.00368756 0)
(-0.00141973 0.0110219 0)
(-0.00401078 0.0180923 0)
(-0.00768835 0.0247269 0)
(-0.0122697 0.0307954 0)
(-0.017629 0.036197 0)
(-0.0236375 0.0408584 0)
(-0.0301675 0.0447307 0)
(-0.0370967 0.0477861 0)
(-0.0443079 0.0500144 0)
(-0.0516889 0.0514196 0)
(-0.0591327 0.0520174 0)
(-0.0665378 0.0518325 0)
(-0.0738079 0.0508967 0)
(-0.0808528 0.0492471 0)
(-0.0875875 0.0469253 0)
(-0.0939333 0.0439759 0)
(-0.099817 0.0404465 0)
(-0.105172 0.036387 0)
(-0.109936 0.0318499 0)
(-0.114055 0.0268902 0)
(-0.117481 0.0215657 0)
(-0.120171 0.0159371 0)
(-0.12209 0.0100686 0)
(-0.12321 0.00402785 0)
(-0.123511 -0.00211353 0)
(-0.122981 -0.00828024 0)
(-0.121617 -0.0143932 0)
(-0.119423 -0.02037 0)
(-0.116416 -0.0261253 0)
(-0.11262 -0.0315717 0)
(-0.108074 -0.0366206 0)
(-0.102824 -0.0411838 0)
(-0.0969297 -0.0451753 0)
(-0.0904632 -0.0485124 0)
(-0.0835069 -0.0511189 0)
(-0.076155 -0.0529264 0)
(-0.0685123 -0.0538777 0)
(-0.0606929 -0.053929 0)
(-0.0528195 -0.0530526 0)
(-0.0450212 -0.0512395 0)
(-0.0374317 -0.0485019 0)
(-0.0301871 -0.0448753 0)
(-0.0234234 -0.0404205 0)
(-0.0172744 -0.0352251 0)
(-0.01187 -0.0294042 0)
(-0.0073301 -0.0231009 0)
(-0.00375915 -0.0164851 0)
(-0.00129968 -0.00975125 0)
(-0.000185685 -0.00312605 0)
(-0.000230385 0.00443674 0)
(-0.00153403 0.0131049 0)
(-0.00432993 0.0213505 0)
(-0.00829241 0.029008 0)
(-0.0132201 0.0359525 0)
(-0.0189737 0.0420892 0)
(-0.0254116 0.0473501 0)
(-0.0323945 0.0516921 0)
(-0.0397901 0.0550928 0)
(-0.0474726 0.0575478 0)
(-0.0553228 0.0590669 0)
(-0.0632279 0.0596716 0)
(-0.0710814 0.0593925 0)
(-0.0787835 0.0582675 0)
(-0.0862408 0.0563397 0)
(-0.0933662 0.0536567 0)
(-0.100079 0.0502692 0)
(-0.106304 0.0462308 0)
(-0.111973 0.0415975 0)
(-0.117025 0.0364279 0)
(-0.121402 0.0307832 0)
(-0.125055 0.0247277 0)
(-0.12794 0.0183288 0)
(-0.130021 0.0116576 0)
(-0.131268 0.00478908 0)
(-0.131658 -0.00219735 0)
(-0.131178 -0.00921806 0)
(-0.129821 -0.0161851 0)
(-0.127589 -0.0230065 0)
(-0.124498 -0.0295868 0)
(-0.120569 -0.0358278 0)
(-0.115838 -0.0416297 0)
(-0.110351 -0.0468926 0)
(-0.104167 -0.0515182 0)
(-0.0973568 -0.0554119 0)
(-0.0900057 -0.0584852 0)
(-0.08221 -0.0606583 0)
(-0.0740789 -0.0618632 0)
(-0.0657323 -0.0620462 0)
(-0.0573007 -0.0611713 0)
(-0.0489226 -0.0592233 0)
(-0.040743 -0.05621 0)
(-0.032911 -0.052165 0)
(-0.0255769 -0.0471496 0)
(-0.0188905 -0.0412545 0)
(-0.0129981 -0.0345999 0)
(-0.00803621 -0.0273364 0)
(-0.00412524 -0.0196423 0)
(-0.00142724 -0.0117219 0)
(-0.000204017 -0.00381207 0)
(-0.000247489 0.00524334 0)
(-0.00164625 0.0153454 0)
(-0.00464332 0.0248513 0)
(-0.00888569 0.0336011 0)
(-0.0141538 0.0414767 0)
(-0.0202949 0.0483896 0)
(-0.0271549 0.0542792 0)
(-0.0345829 0.0591091 0)
(-0.0424365 0.0628642 0)
(-0.0505815 0.0655472 0)
(-0.0588916 0.0671749 0)
(-0.0672483 0.067776 0)
(-0.0755406 0.0673882 0)
(-0.0836651 0.0660561 0)
(-0.0915257 0.0638298 0)
(-0.0990333 0.0607633 0)
(-0.106106 0.0569138 0)
(-0.112667 0.0523413 0)
(-0.118647 0.0471079 0)
(-0.123984 0.0412785 0)
(-0.12862 0.0349204 0)
(-0.132505 0.0281042 0)
(-0.135593 0.0209037 0)
(-0.137846 0.0133967 0)
(-0.139233 0.00566539 0)
(-0.139729 -0.00220339 0)
(-0.139317 -0.0101179 0)
(-0.137988 -0.0179814 0)
(-0.135742 -0.0256926 0)
(-0.13259 -0.0331457 0)
(-0.128552 -0.0402316 0)
(-0.12366 -0.0468388 0)
(-0.117959 -0.0528551 0)
(-0.111504 -0.0581693 0)
(-0.104369 -0.0626734 0)
(-0.0966364 -0.0662658 0)
(-0.0884064 -0.0688535 0)
(-0.0797915 -0.0703558 0)
(-0.0709177 -0.0707076 0)
(-0.0619229 -0.0698628 0)
(-0.0529556 -0.0677976 0)
(-0.0441726 -0.0645139 0)
(-0.0357369 -0.0600417 0)
(-0.0278143 -0.0544413 0)
(-0.0205715 -0.0478053 0)
(-0.0141726 -0.0402587 0)
(-0.00877201 -0.031959 0)
(-0.00450703 -0.0230941 0)
(-0.00156042 -0.0138792 0)
(-0.000223212 -0.00456346 0)
(-0.000264403 0.0061065 0)
(-0.00175703 0.0177412 0)
(-0.00495243 0.0285907 0)
(-0.00947061 0.0385013 0)
(-0.0150739 0.0473618 0)
(-0.0215964 0.0550916 0)
(-0.0288714 0.0616381 0)
(-0.0367364 0.0669735 0)
(-0.0450391 0.0710914 0)
(-0.0536368 0.0740029 0)
(-0.0623963 0.0757336 0)
(-0.0711935 0.0763205 0)
(-0.0799131 0.0758093 0)
(-0.0884486 0.0742526 0)
(-0.0967014 0.071708 0)
(-0.104581 0.0682366 0)
(-0.112004 0.0639027 0)
(-0.118893 0.0587727 0)
(-0.12518 0.0529152 0)
(-0.130799 0.0464012 0)
(-0.135695 0.0393041 0)
(-0.139814 0.0317005 0)
(-0.143111 0.0236704 0)
(-0.145546 0.0152979 0)
(-0.147087 0.00667194 0)
(-0.147705 -0.00211349 0)
(-0.147381 -0.0109589 0)
(-0.146103 -0.0197592 0)
(-0.143868 -0.0284037 0)
(-0.140683 -0.0367766 0)
(-0.136563 -0.0447576 0)
(-0.131537 -0.0522233 0)
(-0.125647 -0.0590484 0)
(-0.118947 -0.0651081 0)
(-0.111507 -0.07028 0)
(-0.10341 -0.0744477 0)
(-0.0947588 -0.0775035 0)
(-0.0856678 -0.0793523 0)
(-0.0762688 -0.0799152 0)
(-0.0667074 -0.0791339 0)
(-0.0571421 -0.076974 0)
(-0.0477423 -0.0734291 0)
(-0.0386854 -0.0685236 0)
(-0.030154 -0.0623155 0)
(-0.0223329 -0.0548978 0)
(-0.0154056 -0.0463997 0)
(-0.0095459 -0.0369859 0)
(-0.00490937 -0.0268541 0)
(-0.00170115 -0.0162319 0)
(-0.000243612 -0.0053836 0)
(-0.000281223 0.00702564 0)
(-0.0018669 0.0202903 0)
(-0.00525855 0.0325657 0)
(-0.0100493 0.0437043 0)
(-0.0159832 0.0536025 0)
(-0.0228814 0.0621885 0)
(-0.0305642 0.0694191 0)
(-0.0388577 0.0752766 0)
(-0.0475996 0.0797645 0)
(-0.056639 0.0829043 0)
(-0.0658356 0.0847315 0)
(-0.0750601 0.0852927 0)
(-0.0841932 0.0846432 0)
(-0.0931255 0.0828444 0)
(-0.101757 0.0799622 0)
(-0.109995 0.0760656 0)
(-0.117756 0.0712262 0)
(-0.124963 0.0655173 0)
(-0.131547 0.059014 0)
(-0.137444 0.0517935 0)
(-0.142596 0.043935 0)
(-0.146951 0.0355208 0)
(-0.150462 0.0266367 0)
(-0.153089 0.0173727 0)
(-0.154796 0.00782402 0)
(-0.155553 -0.00190885 0)
(-0.155339 -0.0117191 0)
(-0.154137 -0.0214937 0)
(-0.15194 -0.031113 0)
(-0.148749 -0.0404511 0)
(-0.144578 -0.0493769 0)
(-0.139451 -0.0577545 0)
(-0.133403 -0.0654453 0)
(-0.126486 -0.0723097 0)
(-0.118767 -0.0782102 0)
(-0.110329 -0.0830138 0)
(-0.101274 -0.0865963 0)
(-0.0917186 -0.0888461 0)
(-0.0818001 -0.0896684 0)
(-0.0716714 -0.0889899 0)
(-0.0615011 -0.0867633 0)
(-0.0514714 -0.0829712 0)
(-0.0417753 -0.0776304 0)
(-0.0326132 -0.0707943 0)
(-0.0241895 -0.0625555 0)
(-0.0167088 -0.053046 0)
(-0.010366 -0.0424378 0)
(-0.00533698 -0.0309392 0)
(-0.00185128 -0.0187916 0)
(-0.000265546 -0.00627681 0)
(-0.000298029 0.00800044 0)
(-0.00197629 0.0229915 0)
(-0.00556281 0.036774 0)
(-0.0106235 0.0492065 0)
(-0.0168842 0.0601939 0)
(-0.0241524 0.069674 0)
(-0.0322358 0.0776144 0)
(-0.0409487 0.0840088 0)
(-0.0501188 0.0888725 0)
(-0.0595869 0.0922388 0)
(-0.069206 0.0941546 0)
(-0.0788418 0.094678 0)
(-0.0883714 0.0938746 0)
(-0.0976828 0.0918159 0)
(-0.106674 0.0885771 0)
(-0.115254 0.0842357 0)
(-0.123337 0.0788712 0)
(-0.130848 0.0725641 0)
(-0.137717 0.0653959 0)
(-0.143882 0.0574499 0)
(-0.149284 0.0488111 0)
(-0.153873 0.039567 0)
(-0.157601 0.0298087 0)
(-0.160426 0.0196317 0)
(-0.162312 0.00913647 0)
(-0.163225 -0.00157033 0)
(-0.163141 -0.0123754 0)
(-0.16204 -0.0231582 0)
(-0.159911 -0.0337906 0)
(-0.156749 -0.0441374 0)
(-0.152562 -0.0540562 0)
(-0.147368 -0.0633989 0)
(-0.141198 -0.0720131 0)
(-0.1341 -0.0797438 0)
(-0.126135 -0.0864367 0)
(-0.117385 -0.0919412 0)
(-0.107949 -0.0961146 0)
(-0.0979468 -0.0988262 0)
(-0.0875196 -0.0999628 0)
(-0.0768269 -0.0994334 0)
(-0.0660474 -0.0971746 0)
(-0.0553766 -0.0931555 0)
(-0.0450236 -0.0873824 0)
(-0.0352079 -0.0799019 0)
(-0.0261553 -0.0708042 0)
(-0.0180933 -0.0602237 0)
(-0.0112403 -0.0483388 0)
(-0.00579442 -0.0353694 0)
(-0.00201262 -0.021572 0)
(-0.000289337 -0.00724838 0)
(-0.000314892 0.00903079 0)
(-0.00208563 0.0258442 0)
(-0.00586625 0.0412139 0)
(-0.011195 0.0550052 0)
(-0.017779 0.0671315 0)
(-0.025412 0.0775416 0)
(-0.0338884 0.0862154 0)
(-0.0430106 0.0931594 0)
(-0.0525962 0.0984025 0)
(-0.0624777 0.101991 0)
(-0.0725019 0.103986 0)
(-0.0825294 0.104458 0)
(-0.0924342 0.103484 0)
(-0.102103 0.101147 0)
(-0.111432 0.0975329 0)
(-0.12033 0.092728 0)
(-0.128714 0.0868201 0)
(-0.136508 0.0798973 0)
(-0.143645 0.0720479 0)
(-0.150064 0.063361 0)
(-0.155707 0.0539267 0)
(-0.160524 0.0438379 0)
(-0.164468 0.0331901 0)
(-0.167496 0.0220834 0)
(-0.16957 0.0106231 0)
(-0.170655 -0.00107901 0)
(-0.170723 -0.0129038 0)
(-0.16975 -0.0247241 0)
(-0.167719 -0.0364043 0)
(-0.164621 -0.0477997 0)
(-0.160457 -0.0587577 0)
(-0.155239 -0.0691178 0)
(-0.14899 -0.0787132 0)
(-0.141752 -0.0873731 0)
(-0.133581 -0.0949255 0)
(-0.124554 -0.1012 0)
(-0.114769 -0.106034 0)
(-0.104346 -0.109275 0)
(-0.0934272 -0.110789 0)
(-0.0821794 -0.110463 0)
(-0.0707909 -0.108214 0)
(-0.0594705 -0.103996 0)
(-0.0484444 -0.0977997 0)
(-0.0379523 -0.0896634 0)
(-0.0282431 -0.0796723 0)
(-0.0195697 -0.0679616 0)
(-0.0121763 -0.0547162 0)
(-0.00628615 -0.0401675 0)
(-0.00218693 -0.024589 0)
(-0.000315302 -0.00830454 0)
(-0.000331883 0.0101168 0)
(-0.00219535 0.0288481 0)
(-0.00616994 0.0458845 0)
(-0.0117656 0.0610977 0)
(-0.01867 0.074411 0)
(-0.0266624 0.0857849 0)
(-0.0355236 0.0952129 0)
(-0.0450438 0.102716 0)
(-0.0550303 0.10834 0)
(-0.0653074 0.112144 0)
(-0.0757154 0.114206 0)
(-0.0861109 0.11461 0)
(-0.0963648 0.113448 0)
(-0.106362 0.110813 0)
(-0.116001 0.106804 0)
(-0.125189 0.101517 0)
(-0.133845 0.0950493 0)
(-0.141897 0.0874957 0)
(-0.149279 0.0789516 0)
(-0.155931 0.0695117 0)
(-0.161799 0.0592715 0)
(-0.166833 0.0483279 0)
(-0.170987 0.0367806 0)
(-0.174218 0.0247335 0)
(-0.176488 0.0122957 0)
(-0.177759 -0.000416797 0)
(-0.177999 -0.0132802 0)
(-0.177182 -0.0261618 0)
(-0.175283 -0.0389189 0)
(-0.172289 -0.0513988 0)
(-0.168191 -0.0634387 0)
(-0.162995 -0.074866 0)
(-0.156717 -0.0854998 0)
(-0.149389 -0.0951529 0)
(-0.14106 -0.103634 0)
(-0.131803 -0.110753 0)
(-0.121709 -0.116323 0)
(-0.110898 -0.120169 0)
(-0.0995135 -0.12213 0)
(-0.0877269 -0.12207 0)
(-0.0757355 -0.119884 0)
(-0.0637616 -0.115503 0)
(-0.0520488 -0.108901 0)
(-0.0408586 -0.100104 0)
(-0.0304647 -0.0891894 0)
(-0.0211478 -0.0762913 0)
(-0.0131812 -0.0616001 0)
(-0.00681651 -0.0453595 0)
(-0.002376 -0.0278607 0)
(-0.000343762 -0.0094524 0)
(-0.00034908 0.0112588 0)
(-0.00230593 0.0320037 0)
(-0.00647512 0.0507855 0)
(-0.0123373 0.0674825 0)
(-0.0195597 0.0820284 0)
(-0.0279063 0.0943969 0)
(-0.0371435 0.104597 0)
(-0.0470489 0.112666 0)
(-0.0574193 0.118666 0)
(-0.0680705 0.122676 0)
(-0.0788371 0.12479 0)
(-0.0895714 0.125107 0)
(-0.100142 0.123735 0)
(-0.110435 0.120783 0)
(-0.120346 0.116359 0)
(-0.129789 0.110572 0)
(-0.138682 0.103528 0)
(-0.146958 0.0953307 0)
(-0.154553 0.0860814 0)
(-0.16141 0.0758808 0)
(-0.16748 0.0648288 0)
(-0.172714 0.0530261 0)
(-0.177067 0.0405757 0)
(-0.180498 0.0275842 0)
(-0.182966 0.0141636 0)
(-0.184434 0.00043277 0)
(-0.184866 -0.0134809 0)
(-0.184231 -0.0274402 0)
(-0.1825 -0.041297 0)
(-0.17965 -0.0548912 0)
(-0.175668 -0.0680509 0)
(-0.170548 -0.080592 0)
(-0.164297 -0.0923196 0)
(-0.156937 -0.10303 0)
(-0.14851 -0.112511 0)
(-0.139078 -0.120552 0)
(-0.128727 -0.126939 0)
(-0.117573 -0.131472 0)
(-0.105758 -0.133961 0)
(-0.0934585 -0.134241 0)
(-0.0808784 -0.13218 0)
(-0.0682531 -0.127683 0)
(-0.0558445 -0.120704 0)
(-0.0439365 -0.111249 0)
(-0.0328302 -0.0993859 0)
(-0.0228369 -0.085246 0)
(-0.0142621 -0.0690234 0)
(-0.00738979 -0.0509737 0)
(-0.00258157 -0.0314073 0)
(-0.000375049 -0.0107 0)
(-0.000366582 0.0124574 0)
(-0.00241796 0.035312 0)
(-0.00678329 0.0559173 0)
(-0.0129125 0.0741585 0)
(-0.0204512 0.0899801 0)
(-0.0291468 0.103371 0)
(-0.0387506 0.114356 0)
(-0.0490268 0.122992 0)
(-0.0597611 0.129361 0)
(-0.0707613 0.133562 0)
(-0.0818559 0.135707 0)
(-0.0928938 0.135915 0)
(-0.103743 0.13431 0)
(-0.114288 0.131017 0)
(-0.124429 0.126158 0)
(-0.13408 0.119853 0)
(-0.143167 0.112218 0)
(-0.151623 0.103366 0)
(-0.15939 0.0934041 0)
(-0.166418 0.0824391 0)
(-0.172658 0.0705747 0)
(-0.178066 0.0579149 0)
(-0.182601 0.0445646 0)
(-0.18622 0.0306325 0)
(-0.188886 0.016232 0)
(-0.190558 0.0014836 0)
(-0.191199 -0.0134832 0)
(-0.190772 -0.0285282 0)
(-0.189244 -0.0434991 0)
(-0.186584 -0.0582301 0)
(-0.18277 -0.0725409 0)
(-0.177785 -0.0862372 0)
(-0.171626 -0.0991103 0)
(-0.164303 -0.110939 0)
(-0.155847 -0.121494 0)
(-0.146308 -0.130536 0)
(-0.135765 -0.137828 0)
(-0.124325 -0.143138 0)
(-0.112129 -0.146245 0)
(-0.0993529 -0.146951 0)
(-0.0862083 -0.145091 0)
(-0.0729422 -0.140538 0)
(-0.0598346 -0.133219 0)
(-0.0471932 -0.12312 0)
(-0.0353484 -0.110292 0)
(-0.0246453 -0.0948604 0)
(-0.0154257 -0.0770212 0)
(-0.00801023 -0.0570412 0)
(-0.00280544 -0.0352512 0)
(-0.000409509 -0.0120564 0)
(-0.000384521 0.0137135 0)
(-0.00253223 0.0387748 0)
(-0.00709643 0.0612816 0)
(-0.0134945 0.0811255 0)
(-0.0213486 0.0982629 0)
(-0.0303884 0.112698 0)
(-0.0403486 0.124477 0)
(-0.0509789 0.133676 0)
(-0.062054 0.1404 0)
(-0.0733732 0.144771 0)
(-0.0847594 0.146922 0)
(-0.0960587 0.146994 0)
(-0.107138 0.145129 0)
(-0.117885 0.141469 0)
(-0.128202 0.136151 0)
(-0.138007 0.12931 0)
(-0.147232 0.12107 0)
(-0.155815 0.111554 0)
(-0.163705 0.100876 0)
(-0.170856 0.0891482 0)
(-0.177225 0.0764768 0)
(-0.182773 0.0629684 0)
(-0.187462 0.0487296 0)
(-0.191253 0.0338693 0)
(-0.194108 0.0185012 0)
(-0.195987 0.00274595 0)
(-0.19685 -0.0132666 0)
(-0.196656 -0.029395 0)
(-0.195367 -0.0454845 0)
(-0.192943 -0.061365 0)
(-0.189353 -0.0768501 0)
(-0.18457 -0.0917357 0)
(-0.178576 -0.105801 0)
(-0.171369 -0.118808 0)
(-0.162965 -0.130507 0)
(-0.153401 -0.140634 0)
(-0.142744 -0.148923 0)
(-0.131092 -0.155108 0)
(-0.118578 -0.158933 0)
(-0.105377 -0.160163 0)
(-0.0917044 -0.158592 0)
(-0.0778188 -0.154058 0)
(-0.0640173 -0.146454 0)
(-0.0506326 -0.135736 0)
(-0.0380262 -0.121937 0)
(-0.0265807 -0.10517 0)
(-0.0166785 -0.0856303 0)
(-0.00868211 -0.0635954 0)
(-0.00304948 -0.0394168 0)
(-0.000447509 -0.0135313 0)
(-0.000403077 0.0150285 0)
(-0.00264979 0.0423953 0)
(-0.00741721 0.0668814 0)
(-0.0140877 0.0883846 0)
(-0.0222577 0.106874 0)
(-0.0316372 0.122372 0)
(-0.0419425 0.134946 0)
(-0.0529084 0.144697 0)
(-0.0642972 0.151755 0)
(-0.0758999 0.156267 0)
(-0.0875344 0.158392 0)
(-0.0990446 0.158294 0)
(-0.110298 0.156136 0)
(-0.121185 0.15208 0)
(-0.131613 0.14628 0)
(-0.141506 0.138882 0)
(-0.150801 0.130025 0)
(-0.159445 0.119838 0)
(-0.167395 0.108445 0)
(-0.174611 0.095959 0)
(-0.181058 0.0824922 0)
(-0.186702 0.0681518 0)
(-0.191509 0.0530443 0)
(-0.195445 0.0372781 0)
(-0.198473 0.0209654 0)
(-0.200555 0.00422528 0)
(-0.201649 -0.0128137 0)
(-0.20171 -0.0300111 0)
(-0.200694 -0.0472116 0)
(-0.198555 -0.0642431 0)
(-0.195249 -0.0809145 0)
(-0.190738 -0.0970145 0)
(-0.184991 -0.112311 0)
(-0.17799 -0.12655 0)
(-0.169733 -0.139461 0)
(-0.160241 -0.150757 0)
(-0.149566 -0.160139 0)
(-0.13779 -0.167305 0)
(-0.125039 -0.171961 0)
(-0.111482 -0.173825 0)
(-0.0973347 -0.172649 0)
(-0.0828645 -0.168226 0)
(-0.0683851 -0.160406 0)
(-0.0542547 -0.149112 0)
(-0.0408685 -0.134348 0)
(-0.0286497 -0.11621 0)
(-0.0180267 -0.0948892 0)
(-0.00940976 -0.070672 0)
(-0.00331564 -0.0439305 0)
(-0.000489451 -0.0151359 0)
(-0.000422495 0.0164045 0)
(-0.00277208 0.0461778 0)
(-0.0077492 0.0727215 0)
(-0.014698 0.0959389 0)
(-0.0231862 0.115813 0)
(-0.0329014 0.132385 0)
(-0.04354 0.145748 0)
(-0.0548199 0.15603 0)
(-0.066491 0.163391 0)
(-0.0783354 0.168008 0)
(-0.0901666 0.170066 0)
(-0.101827 0.169757 0)
(-0.113188 0.167269 0)
(-0.124141 0.162783 0)
(-0.134602 0.156471 0)
(-0.144503 0.148497 0)
(-0.153788 0.13901 0)
(-0.162416 0.128148 0)
(-0.17035 0.116042 0)
(-0.17756 0.102811 0)
(-0.184019 0.0885669 0)
(-0.189702 0.0734189 0)
(-0.19458 0.0574724 0)
(-0.198625 0.0408333 0)
(-0.201802 0.023611 0)
(-0.204075 0.00592091 0)
(-0.205402 -0.0121118 0)
(-0.205735 -0.0303498 0)
(-0.205025 -0.0486396 0)
(-0.203218 -0.0668094 0)
(-0.20026 -0.0846662 0)
(-0.196099 -0.101993 0)
(-0.190688 -0.118549 0)
(-0.183993 -0.134067 0)
(-0.175991 -0.148255 0)
(-0.166685 -0.160801 0)
(-0.156105 -0.171374 0)
(-0.144316 -0.179635 0)
(-0.13143 -0.185242 0)
(-0.117604 -0.187868 0)
(-0.103054 -0.187211 0)
(-0.0880507 -0.183009 0)
(-0.0729235 -0.175065 0)
(-0.0580556 -0.163255 0)
(-0.0438779 -0.147547 0)
(-0.0308583 -0.128014 0)
(-0.0194766 -0.104837 0)
(-0.0101977 -0.0783087 0)
(-0.00360602 -0.0488212 0)
(-0.00053578 -0.016882 0)
(-0.000443117 0.0178442 0)
(-0.00290105 0.0501292 0)
(-0.00809725 0.0788096 0)
(-0.0153332 0.103793 0)
(-0.0241442 0.125078 0)
(-0.0341924 0.142729 0)
(-0.0451515 0.156865 0)
(-0.056721 0.167648 0)
(-0.0686373 0.17527 0)
(-0.0806742 0.179942 0)
(-0.0926411 0.181883 0)
(-0.104381 0.181314 0)
(-0.115768 0.178449 0)
(-0.1267 0.173494 0)
(-0.137103 0.166641 0)
(-0.146916 0.158067 0)
(-0.156097 0.147937 0)
(-0.164613 0.136399 0)
(-0.172441 0.123588 0)
(-0.17956 0.109628 0)
(-0.185954 0.0946336 0)
(-0.191605 0.0787119 0)
(-0.196495 0.0619664 0)
(-0.2006 0.0444995 0)
(-0.203891 0.0264155 0)
(-0.206335 0.00782464 0)
(-0.20789 -0.0111538 0)
(-0.208508 -0.0303879 0)
(-0.208132 -0.0497289 0)
(-0.206704 -0.0690082 0)
(-0.204157 -0.0880334 0)
(-0.200428 -0.106586 0)
(-0.195452 -0.124416 0)
(-0.189173 -0.141247 0)
(-0.18155 -0.156769 0)
(-0.172559 -0.170643 0)
(-0.162208 -0.182508 0)
(-0.150539 -0.19198 0)
(-0.137642 -0.198673 0)
(-0.123661 -0.202202 0)
(-0.108802 -0.202204 0)
(-0.0933375 -0.198358 0)
(-0.0776097 -0.190403 0)
(-0.0620261 -0.17816 0)
(-0.0470544 -0.16155 0)
(-0.0332113 -0.140613 0)
(-0.0210342 -0.115514 0)
(-0.0110506 -0.0865452 0)
(-0.00392293 -0.0541196 0)
(-0.000587001 -0.0187828 0)
(-0.000465404 0.0193517 0)
(-0.0030393 0.0542586 0)
(-0.00846778 0.0851564 0)
(-0.016004 0.111956 0)
(-0.0251456 0.134672 0)
(-0.0355253 0.153395 0)
(-0.0467911 0.168277 0)
(-0.058622 0.179516 0)
(-0.0707403 0.187344 0)
(-0.0829113 0.192011 0)
(-0.0949416 0.193772 0)
(-0.106676 0.192883 0)
(-0.117994 0.189587 0)
(-0.128804 0.184117 0)
(-0.139039 0.176686 0)
(-0.148654 0.16749 0)
(-0.157618 0.156706 0)
(-0.165913 0.144491 0)
(-0.173527 0.130988 0)
(-0.180454 0.116323 0)
(-0.186689 0.100611 0)
(-0.192225 0.0839594 0)
(-0.197053 0.0664663 0)
(-0.201158 0.0482293 0)
(-0.204518 0.0293462 0)
(-0.207102 0.00991936 0)
(-0.208871 -0.00993994 0)
(-0.209777 -0.0301079 0)
(-0.209761 -0.0504434 0)
(-0.208755 -0.0707842 0)
(-0.206684 -0.090942 0)
(-0.203471 -0.110699 0)
(-0.199033 -0.129804 0)
(-0.193293 -0.147968 0)
(-0.186185 -0.164869 0)
(-0.177659 -0.180143 0)
(-0.167692 -0.193395 0)
(-0.156299 -0.204201 0)
(-0.143543 -0.212121 0)
(-0.129546 -0.21671 0)
(-0.114499 -0.217535 0)
(-0.098671 -0.214203 0)
(-0.0824117 -0.206378 0)
(-0.0661511 -0.193812 0)
(-0.0503949 -0.176367 0)
(-0.0357125 -0.154036 0)
(-0.0227057 -0.126959 0)
(-0.0119738 -0.0954232 0)
(-0.00426896 -0.0598592 0)
(-0.000643702 -0.0208528 0)
(-0.000489981 0.0209325 0)
(-0.00319031 0.0585791 0)
(-0.00886934 0.0917774 0)
(-0.016724 0.12044 0)
(-0.0262081 0.1446 0)
(-0.0369196 0.164377 0)
(-0.048477 0.179961 0)
(-0.0605367 0.191597 0)
(-0.0728057 0.199559 0)
(-0.0850416 0.204143 0)
(-0.0970497 0.205647 0)
(-0.108679 0.204365 0)
(-0.119816 0.200576 0)
(-0.130382 0.194538 0)
(-0.140324 0.18649 0)
(-0.149611 0.176646 0)
(-0.158229 0.165195 0)
(-0.166174 0.152307 0)
(-0.173451 0.138128 0)
(-0.180068 0.122789 0)
(-0.186035 0.106404 0)
(-0.191357 0.0890754 0)
(-0.196036 0.0708986 0)
(-0.200067 0.0519632 0)
(-0.203435 0.0323587 0)
(-0.206118 0.0121777 0)
(-0.208078 -0.00847912 0)
(-0.209268 -0.029499 0)
(-0.209627 -0.0507516 0)
(-0.209083 -0.0720844 0)
(-0.207551 -0.0933172 0)
(-0.204939 -0.114237 0)
(-0.201149 -0.134594 0)
(-0.196079 -0.154095 0)
(-0.189637 -0.172403 0)
(-0.181741 -0.189137 0)
(-0.172337 -0.203867 0)
(-0.161403 -0.21613 0)
(-0.148969 -0.225427 0)
(-0.135127 -0.231247 0)
(-0.120045 -0.23308 0)
(-0.103981 -0.230448 0)
(-0.0872855 -0.222926 0)
(-0.0704083 -0.21018 0)
(-0.0538928 -0.191995 0)
(-0.0383646 -0.168305 0)
(-0.0244975 -0.139211 0)
(-0.012973 -0.104986 0)
(-0.00464715 -0.0660758 0)
(-0.000706578 -0.0231079 0)
(-0.00051769 0.0225942 0)
(-0.00335869 0.0631085 0)
(-0.00931308 0.0986938 0)
(-0.0175114 0.129263 0)
(-0.0273548 0.154869 0)
(-0.0384003 0.175667 0)
(-0.0502324 0.191894 0)
(-0.0624822 0.203844 0)
(-0.0748409 0.211849 0)
(-0.0870592 0.216254 0)
(-0.0989432 0.217408 0)
(-0.110348 0.215648 0)
(-0.121174 0.211289 0)
(-0.131355 0.204624 0)
(-0.140857 0.195914 0)
(-0.149667 0.185394 0)
(-0.157788 0.173267 0)
(-0.165236 0.159712 0)
(-0.172035 0.144881 0)
(-0.178208 0.128906 0)
(-0.18378 0.111899 0)
(-0.188773 0.0939594 0)
(-0.193201 0.0751754 0)
(-0.19707 0.0556281 0)
(-0.200376 0.0353964 0)
(-0.203102 0.0145611 0)
(-0.205217 -0.00679041 0)
(-0.206677 -0.028559 0)
(-0.207421 -0.0506285 0)
(-0.207372 -0.0728599 0)
(-0.206438 -0.0950853 0)
(-0.204513 -0.117101 0)
(-0.201481 -0.138664 0)
(-0.19722 -0.15948 0)
(-0.191607 -0.179206 0)
(-0.184527 -0.197442 0)
(-0.175886 -0.213733 0)
(-0.165622 -0.227569 0)
(-0.153723 -0.238398 0)
(-0.140243 -0.245634 0)
(-0.125316 -0.248683 0)
(-0.109177 -0.246965 0)
(-0.0921735 -0.239954 0)
(-0.074767 -0.227209 0)
(-0.0575373 -0.208418 0)
(-0.0411694 -0.183435 0)
(-0.0264167 -0.152305 0)
(-0.0140551 -0.115279 0)
(-0.00506111 -0.0728085 0)
(-0.00077648 -0.0255658 0)
(-0.000549655 0.0243472 0)
(-0.00355054 0.0678709 0)
(-0.00981357 0.105935 0)
(-0.0183892 0.138449 0)
(-0.028615 0.165491 0)
(-0.0399987 0.187258 0)
(-0.0520857 0.204044 0)
(-0.0644788 0.216205 0)
(-0.0768535 0.224135 0)
(-0.0889551 0.228244 0)
(-0.100594 0.228935 0)
(-0.111635 0.226595 0)
(-0.121995 0.221581 0)
(-0.131629 0.21422 0)
(-0.140521 0.2048 0)
(-0.148681 0.193575 0)
(-0.156135 0.180764 0)
(-0.16292 0.166552 0)
(-0.169079 0.151099 0)
(-0.174656 0.134534 0)
(-0.179693 0.116968 0)
(-0.184227 0.0984953 0)
(-0.188287 0.0791946 0)
(-0.191893 0.0591371 0)
(-0.19505 0.0383895 0)
(-0.197752 0.0170185 0)
(-0.199976 -0.00490406 0)
(-0.201681 -0.0272957 0)
(-0.202807 -0.0500575 0)
(-0.203277 -0.073068 0)
(-0.202993 -0.096176 0)
(-0.201837 -0.119193 0)
(-0.199677 -0.141886 0)
(-0.196368 -0.163969 0)
(-0.191756 -0.185096 0)
(-0.185692 -0.204857 0)
(-0.178038 -0.222772 0)
(-0.168685 -0.238292 0)
(-0.15757 -0.250807 0)
(-0.144696 -0.259655 0)
(-0.130154 -0.264147 0)
(-0.114147 -0.263592 0)
(-0.0970012 -0.257339 0)
(-0.0791859 -0.24482 0)
(-0.0613125 -0.225601 0)
(-0.0441272 -0.199431 0)
(-0.028471 -0.166276 0)
(-0.015228 -0.126348 0)
(-0.0055153 -0.0800997 0)
(-0.000854468 -0.0282463 0)
(-0.000587389 0.0262053 0)
(-0.00377383 0.0728985 0)
(-0.0103897 0.113538 0)
(-0.019387 0.14803 0)
(-0.0300251 0.17648 0)
(-0.041753 0.199142 0)
(-0.0540702 0.216374 0)
(-0.066549 0.228611 0)
(-0.0788492 0.236324 0)
(-0.0907141 0.239993 0)
(-0.101962 0.240087 0)
(-0.112475 0.237048 0)
(-0.122189 0.231281 0)
(-0.131084 0.223147 0)
(-0.139172 0.212964 0)
(-0.146488 0.201006 0)
(-0.153083 0.187505 0)
(-0.159019 0.172655 0)
(-0.16436 0.156616 0)
(-0.169172 0.139518 0)
(-0.173516 0.121468 0)
(-0.177446 0.102552 0)
(-0.181008 0.0828398 0)
(-0.184235 0.06239 0)
(-0.187146 0.0412553 0)
(-0.189745 0.0194864 0)
(-0.192017 -0.0028624 0)
(-0.193929 -0.025728 0)
(-0.195426 -0.0490322 0)
(-0.196429 -0.0726747 0)
(-0.196837 -0.0965255 0)
(-0.196526 -0.120417 0)
(-0.195347 -0.144132 0)
(-0.193134 -0.1674 0)
(-0.189704 -0.189881 0)
(-0.18487 -0.21116 0)
(-0.178447 -0.230739 0)
(-0.170274 -0.248037 0)
(-0.160227 -0.262387 0)
(-0.148248 -0.27305 0)
(-0.134371 -0.279233 0)
(-0.118747 -0.280121 0)
(-0.101673 -0.274917 0)
(-0.0836107 -0.262902 0)
(-0.0651963 -0.243486 0)
(-0.0472371 -0.216282 0)
(-0.0306697 -0.181152 0)
(-0.016502 -0.138242 0)
(-0.00601534 -0.0879963 0)
(-0.000941902 -0.031172 0)
(-0.000632921 0.0281872 0)
(-0.00403909 0.0782341 0)
(-0.0110658 0.121555 0)
(-0.020542 0.158048 0)
(-0.0316304 0.187859 0)
(-0.0437088 0.211307 0)
(-0.0562237 0.22884 0)
(-0.0687147 0.240983 0)
(-0.080828 0.248299 0)
(-0.0923094 0.251355 0)
(-0.102991 0.250694 0)
(-0.112779 0.24682 0)
(-0.121638 0.240189 0)
(-0.129576 0.231201 0)
(-0.136639 0.220201 0)
(-0.142891 0.207484 0)
(-0.148412 0.193293 0)
(-0.153292 0.177828 0)
(-0.15762 0.16125 0)
(-0.161483 0.143688 0)
(-0.164963 0.125241 0)
(-0.168133 0.105986 0)
(-0.171054 0.0859822 0)
(-0.173776 0.065274 0)
(-0.176331 0.0438986 0)
(-0.178735 0.0218891 0)
(-0.180984 -0.000720087 0)
(-0.183054 -0.0238873 0)
(-0.184895 -0.0475579 0)
(-0.186433 -0.0716564 0)
(-0.187567 -0.0960788 0)
(-0.188165 -0.120683 0)
(-0.18807 -0.145277 0)
(-0.187094 -0.169611 0)
(-0.185029 -0.193359 0)
(-0.181647 -0.216113 0)
(-0.176718 -0.237367 0)
(-0.17002 -0.256512 0)
(-0.161362 -0.272832 0)
(-0.150612 -0.285511 0)
(-0.13773 -0.293649 0)
(-0.122799 -0.296292 0)
(-0.106067 -0.292478 0)
(-0.0879699 -0.281301 0)
(-0.0691583 -0.261985 0)
(-0.0504967 -0.233964 0)
(-0.033024 -0.196954 0)
(-0.0178898 -0.151012 0)
(-0.00656857 -0.0965505 0)
(-0.00104057 -0.0343688 0)
(-0.000688994 0.0303178 0)
(-0.00436018 0.0839341 0)
(-0.0118734 0.13005 0)
(-0.0219015 0.168557 0)
(-0.0334861 0.19965 0)
(-0.0459189 0.22374 0)
(-0.0585862 0.241381 0)
(-0.0709937 0.253215 0)
(-0.0827782 0.259917 0)
(-0.0936948 0.262154 0)
(-0.103599 0.260554 0)
(-0.11243 0.255692 0)
(-0.120187 0.248075 0)
(-0.126918 0.238146 0)
(-0.132705 0.226276 0)
(-0.137648 0.212778 0)
(-0.141861 0.197905 0)
(-0.14546 0.18186 0)
(-0.148564 0.164805 0)
(-0.151281 0.14686 0)
(-0.153716 0.128117 0)
(-0.155959 0.108643 0)
(-0.158089 0.0884823 0)
(-0.160171 0.067666 0)
(-0.162252 0.0462137 0)
(-0.16436 0.0241393 0)
(-0.166504 0.0014563 0)
(-0.16867 -0.0218175 0)
(-0.170817 -0.0456529 0)
(-0.172878 -0.0700029 0)
(-0.174754 -0.0947933 0)
(-0.176314 -0.119913 0)
(-0.177392 -0.145203 0)
(-0.177787 -0.17044 0)
(-0.177264 -0.195326 0)
(-0.175563 -0.219468 0)
(-0.172402 -0.242365 0)
(-0.167498 -0.263392 0)
(-0.160585 -0.281794 0)
(-0.151445 -0.296682 0)
(-0.139945 -0.307047 0)
(-0.126082 -0.311785 0)
(-0.110027 -0.30975 0)
(-0.0921704 -0.299815 0)
(-0.073157 -0.280971 0)
(-0.0539009 -0.252424 0)
(-0.0355481 -0.213697 0)
(-0.0194084 -0.164711 0)
(-0.00718472 -0.105822 0)
(-0.00115285 -0.0378672 0)
(-0.000759355 0.0326302 0)
(-0.00475551 0.0900725 0)
(-0.0128531 0.139108 0)
(-0.0235244 0.179621 0)
(-0.0356581 0.211881 0)
(-0.0484424 0.236413 0)
(-0.061196 0.253915 0)
(-0.0733923 0.265173 0)
(-0.0846658 0.270998 0)
(-0.0947924 0.272173 0)
(-0.103663 0.269425 0)
(-0.111259 0.263404 0)
(-0.117629 0.254674 0)
(-0.122867 0.243716 0)
(-0.127098 0.230928 0)
(-0.130463 0.216637 0)
(-0.133112 0.201103 0)
(-0.135193 0.184529 0)
(-0.13685 0.167069 0)
(-0.138217 0.148839 0)
(-0.139419 0.129918 0)
(-0.140564 0.110359 0)
(-0.141748 0.0901937 0)
(-0.143051 0.0694358 0)
(-0.144534 0.0480869 0)
(-0.146239 0.0261411 0)
(-0.148187 0.00358957 0)
(-0.150377 -0.0195744 0)
(-0.152779 -0.0433494 0)
(-0.155336 -0.0677187 0)
(-0.157956 -0.0926419 0)
(-0.160512 -0.118044 0)
(-0.162836 -0.143804 0)
(-0.164719 -0.169737 0)
(-0.165907 -0.195581 0)
(-0.166108 -0.220973 0)
(-0.164995 -0.245429 0)
(-0.162221 -0.268327 0)
(-0.15744 -0.288883 0)
(-0.150336 -0.30615 0)
(-0.140668 -0.319012 0)
(-0.128318 -0.326211 0)
(-0.113354 -0.326392 0)
(-0.0960888 -0.318176 0)
(-0.0771358 -0.300268 0)
(-0.0574416 -0.271582 0)
(-0.0382595 -0.231381 0)
(-0.0210801 -0.179392 0)
(-0.00787702 -0.115879 0)
(-0.00128206 -0.0417037 0)
(-0.000849196 0.0351688 0)
(-0.00524969 0.0967458 0)
(-0.0140577 0.148834 0)
(-0.0254839 0.191319 0)
(-0.0382238 0.224574 0)
(-0.0513415 0.249284 0)
(-0.0640827 0.26633 0)
(-0.0758939 0.276682 0)
(-0.0864204 0.281314 0)
(-0.0954744 0.281147 0)
(-0.102999 0.277017 0)
(-0.109033 0.269654 0)
(-0.113686 0.259679 0)
(-0.117107 0.247611 0)
(-0.119473 0.233869 0)
(-0.120969 0.21879 0)
(-0.121783 0.202632 0)
(-0.122097 0.185596 0)
(-0.12208 0.167827 0)
(-0.121891 0.149427 0)
(-0.121671 0.130462 0)
(-0.12155 0.110972 0)
(-0.121635 0.0909688 0)
(-0.122021 0.0704509 0)
(-0.122782 0.0494009 0)
(-0.123974 0.0277925 0)
(-0.125632 0.00559442 0)
(-0.127765 -0.0172252 0)
(-0.13036 -0.0406933 0)
(-0.133371 -0.064825 0)
(-0.136718 -0.089616 0)
(-0.140283 -0.115032 0)
(-0.143904 -0.140995 0)
(-0.147369 -0.167368 0)
(-0.150415 -0.193935 0)
(-0.152725 -0.220377 0)
(-0.153933 -0.246248 0)
(-0.153633 -0.270943 0)
(-0.151394 -0.293675 0)
(-0.146795 -0.313451 0)
(-0.139469 -0.329063 0)
(-0.129157 -0.339099 0)
(-0.115789 -0.34198 0)
(-0.0995608 -0.336038 0)
(-0.0810151 -0.319633 0)
(-0.061104 -0.291312 0)
(-0.0411805 -0.249988 0)
(-0.0229351 -0.195115 0)
(-0.00866382 -0.126802 0)
(-0.00143285 -0.0459233 0)
(-0.000965853 0.0379929 0)
(-0.00587609 0.10408 0)
(-0.0155557 0.159362 0)
(-0.0278707 0.203742 0)
(-0.0412708 0.237744 0)
(-0.0546749 0.262278 0)
(-0.0672539 0.278467 0)
(-0.0784404 0.287508 0)
(-0.0879109 0.290574 0)
(-0.0955372 0.288747 0)
(-0.101335 0.282979 0)
(-0.105422 0.274086 0)
(-0.107979 0.262743 0)
(-0.109223 0.249499 0)
(-0.109387 0.234787 0)
(-0.108705 0.218945 0)
(-0.107405 0.202228 0)
(-0.1057 0.184823 0)
(-0.103785 0.166862 0)
(-0.10184 0.148429 0)
(-0.100022 0.129576 0)
(-0.0984744 0.110322 0)
(-0.0973185 0.0906648 0)
(-0.0966591 0.0705828 0)
(-0.0965827 0.0500403 0)
(-0.0971565 0.0289908 0)
(-0.0984279 0.00738106 0)
(-0.100422 -0.0148453 0)
(-0.103137 -0.037743 0)
(-0.106545 -0.0613597 0)
(-0.110583 -0.085728 0)
(-0.115146 -0.110856 0)
(-0.120084 -0.136716 0)
(-0.125196 -0.163224 0)
(-0.130215 -0.190222 0)
(-0.134815 -0.21745 0)
(-0.138598 -0.244517 0)
(-0.141106 -0.270861 0)
(-0.14183 -0.295715 0)
(-0.140239 -0.31807 0)
(-0.135823 -0.336646 0)
(-0.128159 -0.349888 0)
(-0.116996 -0.355988 0)
(-0.102363 -0.352955 0)
(-0.0846812 -0.33874 0)
(-0.0648625 -0.311429 0)
(-0.0443385 -0.269474 0)
(-0.0250144 -0.211938 0)
(-0.00957102 -0.13869 0)
(-0.00161197 -0.0505827 0)
(-0.00111997 0.0411826 0)
(-0.00668067 0.112239 0)
(-0.0174367 0.170856 0)
(-0.0307948 0.216985 0)
(-0.0448933 0.251385 0)
(-0.058485 0.275273 0)
(-0.070674 0.290093 0)
(-0.0809031 0.297334 0)
(-0.088912 0.298404 0)
(-0.0946637 0.294565 0)
(-0.0982753 0.286895 0)
(-0.0999623 0.276291 0)
(-0.0999947 0.263474 0)
(-0.0986661 0.249014 0)
(-0.096272 0.233349 0)
(-0.0930965 0.216805 0)
(-0.0894048 0.199625 0)
(-0.0854391 0.181975 0)
(-0.0814177 0.163966 0)
(-0.0775347 0.145663 0)
(-0.0739621 0.127097 0)
(-0.0708507 0.108267 0)
(-0.0683314 0.0891536 0)
(-0.0665169 0.0697154 0)
(-0.0655021 0.0498989 0)
(-0.0653639 0.0296385 0)
(-0.066161 0.00886035 0)
(-0.0679315 -0.0125147 0)
(-0.0706909 -0.034568 0)
(-0.0744278 -0.0573778 0)
(-0.0790984 -0.0810136 0)
(-0.0846205 -0.105527 0)
(-0.090865 -0.130942 0)
(-0.0976464 -0.157233 0)
(-0.104714 -0.184311 0)
(-0.111739 -0.21199 0)
(-0.118313 -0.239951 0)
(-0.123938 -0.267705 0)
(-0.128038 -0.294535 0)
(-0.129974 -0.319451 0)
(-0.129087 -0.341137 0)
(-0.124763 -0.357921 0)
(-0.11653 -0.367773 0)
(-0.10419 -0.368356 0)
(-0.0879676 -0.35715 0)
(-0.0686706 -0.331669 0)
(-0.0477649 -0.289754 0)
(-0.027374 -0.22992 0)
(-0.0106359 -0.151664 0)
(-0.00182951 -0.0557554 0)
(-0.00132749 0.0448472 0)
(-0.00772797 0.121438 0)
(-0.0198183 0.183514 0)
(-0.0343875 0.231144 0)
(-0.0491818 0.265442 0)
(-0.0627749 0.288064 0)
(-0.0742282 0.300879 0)
(-0.0830372 0.305737 0)
(-0.0890521 0.304325 0)
(-0.0923699 0.298101 0)
(-0.0932431 0.288269 0)
(-0.0920097 0.275798 0)
(-0.0890438 0.261441 0)
(-0.0847225 0.245771 0)
(-0.079406 0.229213 0)
(-0.0734263 0.212075 0)
(-0.0670827 0.194569 0)
(-0.060641 0.176835 0)
(-0.0543346 0.158956 0)
(-0.0483678 0.140973 0)
(-0.0429183 0.122892 0)
(-0.0381406 0.104692 0)
(-0.0341691 0.0863318 0)
(-0.0311196 0.0677545 0)
(-0.0290915 0.0488885 0)
(-0.0281681 0.029651 0)
(-0.0284171 0.00995018 0)
(-0.0298887 -0.0103136 0)
(-0.032614 -0.0312448 0)
(-0.0366009 -0.0529499 0)
(-0.0418289 -0.0755325 0)
(-0.0482423 -0.0990867 0)
(-0.0557407 -0.123686 0)
(-0.0641681 -0.149371 0)
(-0.0732997 -0.176123 0)
(-0.0828281 -0.203844 0)
(-0.0923487 -0.23231 0)
(-0.101349 -0.261128 0)
(-0.109202 -0.28967 0)
(-0.115177 -0.317011 0)
(-0.118468 -0.341847 0)
(-0.118253 -0.362435 0)
(-0.113799 -0.376554 0)
(-0.104609 -0.381516 0)
(-0.0906235 -0.374274 0)
(-0.0724433 -0.351647 0)
(-0.0514918 -0.310681 0)
(-0.03009 -0.249118 0)
(-0.0119131 -0.165875 0)
(-0.00210109 -0.0615401 0)
(-0.00161323 0.0491382 0)
(-0.00911078 0.131954 0)
(-0.0228553 0.197568 0)
(-0.0387984 0.246286 0)
(-0.0542015 0.279778 0)
(-0.0674659 0.300322 0)
(-0.0776629 0.310346 0)
(-0.0844112 0.312144 0)
(-0.0877385 0.307724 0)
(-0.0879312 0.298743 0)
(-0.0854158 0.286524 0)
(-0.0806771 0.272083 0)
(-0.0742051 0.25618 0)
(-0.0664635 0.239371 0)
(-0.0578739 0.222048 0)
(-0.0488093 0.20448 0)
(-0.0395943 0.186838 0)
(-0.0305085 0.169226 0)
(-0.0217914 0.151692 0)
(-0.0136475 0.134247 0)
(-0.00625239 0.11687 0)
(0.000243018 0.0995194 0)
(0.00570823 0.0821339 0)
(0.0100298 0.0646394 0)
(0.0131091 0.0469492 0)
(0.0148603 0.028966 0)
(0.0152102 0.0105831 0)
(0.0140988 -0.00831543 0)
(0.0114804 -0.0278531 0)
(0.00732746 -0.0481598 0)
(0.00163511 -0.0693688 0)
(-0.00557174 -0.0916118 0)
(-0.014229 -0.115011 0)
(-0.0242209 -0.139669 0)
(-0.0353648 -0.165645 0)
(-0.047393 -0.192933 0)
(-0.0599316 -0.221422 0)
(-0.0724802 -0.250841 0)
(-0.0843943 -0.280694 0)
(-0.0948776 -0.31017 0)
(-0.102994 -0.338044 0)
(-0.107713 -0.362574 0)
(-0.108007 -0.381403 0)
(-0.10301 -0.391524 0)
(-0.0922637 -0.389327 0)
(-0.0760247 -0.370814 0)
(-0.055541 -0.332008 0)
(-0.0332645 -0.269568 0)
(-0.0134847 -0.181518 0)
(-0.00245179 -0.0680729 0)
(-0.0020175 0.0542701 0)
(-0.0109658 0.144154 0)
(-0.0267494 0.213274 0)
(-0.0441821 0.262414 0)
(-0.0599471 0.29411 0)
(-0.0723218 0.311522 0)
(-0.0804895 0.317807 0)
(-0.0842996 0.315792 0)
(-0.0840496 0.307826 0)
(-0.0802806 0.295761 0)
(-0.0736335 0.281002 0)
(-0.0647589 0.264577 0)
(-0.0542667 0.24722 0)
(-0.0427016 0.229434 0)
(-0.030535 0.211556 0)
(-0.018167 0.193793 0)
(-0.00593282 0.176267 0)
(0.00588817 0.159032 0)
(0.0170638 0.142096 0)
(0.0274008 0.125436 0)
(0.0367362 0.109003 0)
(0.044932 0.0927329 0)
(0.051869 0.0765471 0)
(0.0574431 0.0603559 0)
(0.0615619 0.0440605 0)
(0.0641425 0.0275525 0)
(0.0651099 0.0107145 0)
(0.0643975 -0.0065807 0)
(0.0619474 -0.0244702 0)
(0.0577132 -0.043101 0)
(0.0516642 -0.0626294 0)
(0.0437912 -0.0832181 0)
(0.0341164 -0.105032 0)
(0.0227053 -0.128229 0)
(0.00968359 -0.152944 0)
(-0.00474171 -0.179268 0)
(-0.0202559 -0.207212 0)
(-0.0364068 -0.236651 0)
(-0.0525733 -0.267256 0)
(-0.0679377 -0.298391 0)
(-0.081474 -0.328989 0)
(-0.0919652 -0.357399 0)
(-0.0980764 -0.381234 0)
(-0.0985117 -0.397242 0)
(-0.0922871 -0.401263 0)
(-0.0791274 -0.388377 0)
(-0.0598973 -0.353326 0)
(-0.03703 -0.291266 0)
(-0.0154755 -0.198843 0)
(-0.00292352 -0.0755489 0)
(-0.00260866 0.0605553 0)
(-0.0134989 0.158508 0)
(-0.0317577 0.230881 0)
(-0.0506614 0.279383 0)
(-0.0662524 0.307908 0)
(-0.0768172 0.320848 0)
(-0.0818278 0.322293 0)
(-0.0815226 0.315674 0)
(-0.0765838 0.303678 0)
(-0.0678774 0.288306 0)
(-0.0562906 0.270986 0)
(-0.0426456 0.252704 0)
(-0.0276614 0.234115 0)
(-0.0119443 0.215634 0)
(0.00400706 0.197511 0)
(0.0197888 0.179877 0)
(0.0350765 0.162783 0)
(0.0496106 0.14623 0)
(0.0631828 0.130181 0)
(0.0756248 0.114577 0)
(0.0867986 0.0993417 0)
(0.0965886 0.0843894 0)
(0.104896 0.0696257 0)
(0.111632 0.0549495 0)
(0.116718 0.040253 0)
(0.120078 0.0254214 0)
(0.121641 0.0103315 0)
(0.121336 -0.00514932 0)
(0.119098 -0.0211651 0)
(0.114863 -0.0378725 0)
(0.108576 -0.0554423 0)
(0.100192 -0.0740591 0)
(0.0896888 -0.0939199 0)
(0.0770734 -0.115229 0)
(0.0624021 -0.138189 0)
(0.0458013 -0.162983 0)
(0.0274972 -0.189744 0)
(0.00785347 -0.218508 0)
(-0.012584 -0.249143 0)
(-0.0330388 -0.281244 0)
(-0.0524603 -0.313987 0)
(-0.069502 -0.345937 0)
(-0.0825494 -0.374819 0)
(-0.0898418 -0.397279 0)
(-0.0897457 -0.4087 0)
(-0.081225 -0.403198 0)
(-0.0644503 -0.373962 0)
(-0.0415457 -0.314109 0)
(-0.0180781 -0.218164 0)
(-0.00358886 -0.0842572 0)
(-0.00350681 0.068464 0)
(-0.0170241 0.175616 0)
(-0.0381843 0.250561 0)
(-0.0582321 0.296763 0)
(-0.0726132 0.320232 0)
(-0.0799069 0.32706 0)
(-0.0801595 0.322463 0)
(-0.0742107 0.310503 0)
(-0.0632555 0.294146 0)
(-0.0485415 0.275442 0)
(-0.0312104 0.255751 0)
(-0.0122354 0.235935 0)
(0.00758976 0.216511 0)
(0.0276361 0.197762 0)
(0.0474154 0.179821 0)
(0.0665532 0.162724 0)
(0.0847647 0.146447 0)
(0.101834 0.130928 0)
(0.117595 0.116085 0)
(0.131921 0.101823 0)
(0.14471 0.0880426 0)
(0.155881 0.0746394 0)
(0.165361 0.0615072 0)
(0.173086 0.0485374 0)
(0.178995 0.0356183 0)
(0.183026 0.0226336 0)
(0.185114 0.00946002 0)
(0.185191 -0.00403432 0)
(0.183185 -0.0179931 0)
(0.179022 -0.0325744 0)
(0.172621 -0.0479536 0)
(0.163908 -0.0643258 0)
(0.152811 -0.0819073 0)
(0.139279 -0.100935 0)
(0.123289 -0.121664 0)
(0.10487 -0.144353 0)
(0.0841343 -0.169251 0)
(0.0613153 -0.196553 0)
(0.0368253 -0.226341 0)
(0.0113218 -0.258485 0)
(-0.0142154 -0.292488 0)
(-0.0384116 -0.327263 0)
(-0.0594578 -0.360838 0)
(-0.0751559 -0.389987 0)
(-0.0831385 -0.409843 0)
(-0.0813591 -0.413639 0)
(-0.0688663 -0.392811 0)
(-0.0469656 -0.337787 0)
(-0.0215882 -0.239865 0)
(-0.00457676 -0.094643 0)
(-0.00492753 0.0787287 0)
(-0.0220174 0.196204 0)
(-0.0463183 0.272231 0)
(-0.0665424 0.313581 0)
(-0.077846 0.329501 0)
(-0.0796344 0.328323 0)
(-0.0729478 0.316519 0)
(-0.0594766 0.298707 0)
(-0.0410357 0.277964 0)
(-0.0192659 0.25623 0)
(0.00447806 0.23466 0)
(0.0291362 0.213892 0)
(0.0539078 0.194237 0)
(0.078204 0.175807 0)
(0.1016 0.158595 0)
(0.123795 0.14253 0)
(0.144576 0.127506 0)
(0.163798 0.113404 0)
(0.181359 0.100099 0)
(0.197186 0.0874659 0)
(0.211226 0.0753861 0)
(0.223439 0.0637431 0)
(0.233789 0.0524243 0)
(0.242238 0.0413192 0)
(0.248749 0.0303176 0)
(0.253276 0.0193071 0)
(0.255767 0.00817045 0)
(0.256161 -0.00321717 0)
(0.254383 -0.0149918 0)
(0.250351 -0.0273042 0)
(0.243967 -0.0403241 0)
(0.235128 -0.0542446 0)
(0.22372 -0.0692863 0)
(0.209632 -0.0857009 0)
(0.192761 -0.103773 0)
(0.17303 -0.123819 0)
(0.150416 -0.146176 0)
(0.12499 -0.171181 0)
(0.0969725 -0.199125 0)
(0.0668146 -0.23017 0)
(0.035305 -0.264208 0)
(0.00369508 -0.300633 0)
(-0.026175 -0.337995 0)
(-0.0518004 -0.373504 0)
(-0.0700969 -0.402416 0)
(-0.0778033 -0.417381 0)
(-0.072323 -0.408065 0)
(-0.0533306 -0.361549 0)
(-0.026445 -0.264353 0)
(-0.0061179 -0.107415 0)
(-0.00725531 0.0925207 0)
(-0.0291618 0.221034 0)
(-0.0562138 0.295194 0)
(-0.0743942 0.327892 0)
(-0.0794433 0.333153 0)
(-0.0724823 0.322031 0)
(-0.0560769 0.302187 0)
(-0.0329848 0.278505 0)
(-0.00565647 0.253879 0)
(0.0239616 0.229893 0)
(0.0544261 0.20733 0)
(0.0847144 0.186496 0)
(0.114127 0.16744 0)
(0.142202 0.15007 0)
(0.168643 0.134234 0)
(0.193272 0.119753 0)
(0.215986 0.106448 0)
(0.236731 0.0941508 0)
(0.255486 0.0827028 0)
(0.272247 0.0719607 0)
(0.287016 0.0617938 0)
(0.299801 0.0520819 0)
(0.310602 0.0427131 0)
(0.319416 0.0335816 0)
(0.326229 0.0245844 0)
(0.331017 0.0156187 0)
(0.33374 0.00657891 0)
(0.334347 -0.00264659 0)
(0.332769 -0.0121793 0)
(0.328916 -0.0221547 0)
(0.322683 -0.0327272 0)
(0.313943 -0.0440751 0)
(0.302549 -0.0564076 0)
(0.288336 -0.0699709 0)
(0.271127 -0.0850555 0)
(0.250743 -0.102002 0)
(0.227019 -0.121201 0)
(0.19984 -0.143094 0)
(0.169189 -0.168143 0)
(0.135233 -0.196783 0)
(0.0984346 -0.229316 0)
(0.0597296 -0.265707 0)
(0.0207359 -0.305234 0)
(-0.0160126 -0.345921 0)
(-0.0469238 -0.383687 0)
(-0.0674918 -0.41122 0)
(-0.0729715 -0.41681 0)
(-0.0602629 -0.383775 0)
(-0.0332337 -0.291896 0)
(-0.00861328 -0.123712 0)
(-0.011125 0.111693 0)
(-0.0392532 0.250559 0)
(-0.0670257 0.317407 0)
(-0.0786564 0.336126 0)
(-0.0723987 0.327283 0)
(-0.0523526 0.304749 0)
(-0.0230927 0.276862 0)
(0.0115393 0.248184 0)
(0.0486537 0.220959 0)
(0.0862535 0.196118 0)
(0.123044 0.173895 0)
(0.158232 0.154189 0)
(0.191361 0.136754 0)
(0.222197 0.121297 0)
(0.250642 0.107532 0)
(0.276682 0.0951955 0)
(0.300352 0.0840553 0)
(0.321709 0.0739109 0)
(0.34082 0.0645894 0)
(0.357754 0.0559414 0)
(0.372571 0.0478372 0)
(0.385324 0.0401623 0)
(0.396054 0.0328136 0)
(0.404786 0.0256965 0)
(0.411533 0.0187211 0)
(0.416289 0.0117995 0)
(0.419033 0.0048427 0)
(0.419722 -0.00224264 0)
(0.418295 -0.00955796 0)
(0.414666 -0.0172167 0)
(0.408724 -0.0253493 0)
(0.40033 -0.0341088 0)
(0.389315 -0.043678 0)
(0.375475 -0.0542781 0)
(0.358574 -0.0661784 0)
(0.338343 -0.0797082 0)
(0.31449 -0.0952689 0)
(0.286714 -0.113344 0)
(0.254745 -0.134503 0)
(0.218405 -0.159388 0)
(0.177722 -0.188658 0)
(0.133106 -0.222856 0)
(0.0856288 -0.262124 0)
(0.0374053 -0.305653 0)
(-0.00796873 -0.350697 0)
(-0.0450954 -0.39099 0)
(-0.0668867 -0.414522 0)
(-0.0661705 -0.4012 0)
(-0.0424655 -0.322124 0)
(-0.0126794 -0.145294 0)
(-0.0173258 0.139149 0)
(-0.0524493 0.283926 0)
(-0.0751644 0.334097 0)
(-0.0719913 0.332198 0)
(-0.0471981 0.306425 0)
(-0.00912121 0.272484 0)
(0.0356637 0.238141 0)
(0.0827079 0.206685 0)
(0.129241 0.179143 0)
(0.173691 0.155509 0)
(0.215259 0.13537 0)
(0.253617 0.118203 0)
(0.288702 0.1035 0)
(0.320592 0.0908132 0)
(0.349439 0.0797694 0)
(0.375418 0.070061 0)
(0.398708 0.0614378 0)
(0.419477 0.0536962 0)
(0.437878 0.0466694 0)
(0.454042 0.0402197 0)
(0.468083 0.0342315 0)
(0.480091 0.0286061 0)
(0.49014 0.0232572 0)
(0.498279 0.0181075 0)
(0.504542 0.0130854 0)
(0.508942 0.00812188 0)
(0.51147 0.00314807 0)
(0.512098 -0.0019077 0)
(0.510772 -0.00712302 0)
(0.507415 -0.0125849 0)
(0.50192 -0.0183939 0)
(0.494146 -0.0246697 0)
(0.483916 -0.0315576 0)
(0.471007 -0.0392368 0)
(0.455149 -0.0479319 0)
(0.436013 -0.0579268 0)
(0.413209 -0.0695828 0)
(0.386287 -0.0833601 0)
(0.354745 -0.0998429 0)
(0.318062 -0.119762 0)
(0.27577 -0.144002 0)
(0.227599 -0.173567 0)
(0.173745 -0.209428 0)
(0.115327 -0.25213 0)
(0.0550964 -0.300897 0)
(-0.00164509 -0.351816 0)
(-0.0461139 -0.394571 0)
(-0.0663066 -0.407618 0)
(-0.0535389 -0.352848 0)
(-0.018918 -0.174809 0)
(-0.0258322 0.179748 0)
(-0.0654355 0.31643 0)
(-0.0696444 0.334978 0)
(-0.0384252 0.306239 0)
(0.0132621 0.263655 0)
(0.0730379 0.221504 0)
(0.133671 0.184831 0)
(0.191412 0.154531 0)
(0.244603 0.129968 0)
(0.292738 0.110119 0)
(0.335893 0.0939969 0)
(0.374402 0.0807764 0)
(0.408682 0.0698052 0)
(0.43916 0.0605821 0)
(0.466228 0.0527249 0)
(0.490235 0.0459418 0)
(0.511478 0.0400086 0)
(0.530213 0.0347511 0)
(0.546651 0.0300323 0)
(0.560969 0.0257428 0)
(0.573312 0.0217935 0)
(0.583793 0.0181102 0)
(0.592505 0.0146297 0)
(0.599513 0.0112966 0)
(0.604862 0.00806026 0)
(0.608578 0.00487303 0)
(0.610663 0.00168769 0)
(0.611099 -0.00154446 0)
(0.609844 -0.00487594 0)
(0.606833 -0.00836572 0)
(0.60197 -0.0120824 0)
(0.595125 -0.0161083 0)
(0.586131 -0.0205445 0)
(0.57477 -0.0255185 0)
(0.560767 -0.0311928 0)
(0.543777 -0.0377793 0)
(0.523368 -0.0455564 0)
(0.499004 -0.0548952 0)
(0.470029 -0.066294 0)
(0.435657 -0.0804248 0)
(0.394981 -0.0981915 0)
(0.347027 -0.120789 0)
(0.290923 -0.149732 0)
(0.226265 -0.18674 0)
(0.15389 -0.233244 0)
(0.077273 -0.288867 0)
(0.00467185 -0.347788 0)
(-0.0485362 -0.391693 0)
(-0.0615716 -0.37744 0)
(-0.0266195 -0.216505 0)
(-0.0311255 0.238266 0)
(-0.062747 0.33282 0)
(-0.0216804 0.30058 0)
(0.0542335 0.244697 0)
(0.137518 0.192647 0)
(0.216755 0.150782 0)
(0.287776 0.119013 0)
(0.349674 0.095302 0)
(0.403037 0.0775238 0)
(0.448947 0.0640062 0)
(0.488523 0.0535402 0)
(0.522762 0.0452769 0)
(0.552497 0.0386234 0)
(0.578407 0.0331643 0)
(0.601041 0.0286046 0)
(0.620837 0.0247319 0)
(0.638149 0.0213899 0)
(0.653259 0.0184623 0)
(0.666396 0.01586 0)
(0.677743 0.0135139 0)
(0.687446 0.0113692 0)
(0.695622 0.00938111 0)
(0.702361 0.00751223 0)
(0.707729 0.00573027 0)
(0.711773 0.00400629 0)
(0.714522 0.00231328 0)
(0.715983 0.000624828 0)
(0.716149 -0.00108617 0)
(0.714989 -0.00284881 0)
(0.712451 -0.00469582 0)
(0.708459 -0.00666541 0)
(0.702908 -0.00880375 0)
(0.695655 -0.0111682 0)
(0.686516 -0.013832 0)
(0.675248 -0.0168904 0)
(0.661541 -0.0204697 0)
(0.644989 -0.0247413 0)
(0.62507 -0.029941 0)
(0.601106 -0.0364003 0)
(0.572214 -0.0445934 0)
(0.537256 -0.05521 0)
(0.494775 -0.0692666 0)
(0.442979 -0.0882648 0)
(0.379821 -0.114384 0)
(0.303445 -0.150584 0)
(0.213438 -0.200103 0)
(0.113238 -0.264072 0)
(0.0149442 -0.335006 0)
(-0.0491474 -0.378313 0)
(-0.0285025 -0.272408 0)
(0.0045905 0.282747 0)
(0.0153534 0.292907 0)
(0.137426 0.209858 0)
(0.263923 0.144315 0)
(0.367055 0.100198 0)
(0.449206 0.0711546 0)
(0.514726 0.0521487 0)
(0.567213 0.0395307 0)
(0.609722 0.0308968 0)
(0.644637 0.0247751 0)
(0.673701 0.0202791 0)
(0.698178 0.0168675 0)
(0.71899 0.0142019 0)
(0.736819 0.0120646 0)
(0.752177 0.0103114 0)
(0.765452 0.00884345 0)
(0.77694 0.00759143 0)
(0.786876 0.0065051 0)
(0.795439 0.00554723 0)
(0.802775 0.00468947 0)
(0.808994 0.00390976 0)
(0.814187 0.0031904 0)
(0.81842 0.00251683 0)
(0.821745 0.00187662 0)
(0.824198 0.00125878 0)
(0.825801 0.000653125 0)
(0.826562 4.97938e-05 0)
(0.826478 -0.000561235 0)
(0.82553 -0.00119084 0)
(0.823685 -0.0018512 0)
(0.820892 -0.00255655 0)
(0.81708 -0.00332426 0)
(0.812152 -0.0041761 0)
(0.805979 -0.00514011 0)
(0.798392 -0.00625332 0)
(0.789165 -0.00756579 0)
(0.778004 -0.00914675 0)
(0.764512 -0.0110944 0)
(0.748158 -0.0135519 0)
(0.728213 -0.0167348 0)
(0.70367 -0.0209787 0)
(0.673112 -0.0268273 0)
(0.634517 -0.0351938 0)
(0.584997 -0.0476593 0)
(0.520567 -0.0669766 0)
(0.436204 -0.0977219 0)
(0.325758 -0.146676 0)
(0.184654 -0.221492 0)
(0.0418708 -0.314612 0)
(0.0156908 -0.302792 0)
(0.296163 0.146968 0)
(0.39187 0.127167 0)
(0.555478 0.0755663 0)
(0.672537 0.0435206 0)
(0.742756 0.0258063 0)
(0.78824 0.0159545 0)
(0.820085 0.0104205 0)
(0.843398 0.00722975 0)
(0.861129 0.0052994 0)
(0.875078 0.00406068 0)
(0.886349 0.00321772 0)
(0.895637 0.00261299 0)
(0.903406 0.00215929 0)
(0.909972 0.00180606 0)
(0.915566 0.00152256 0)
(0.920352 0.00128912 0)
(0.924457 0.00109259 0)
(0.927974 0.000923833 0)
(0.930978 0.000776285 0)
(0.933526 0.00064506 0)
(0.935662 0.000526428 0)
(0.93742 0.00041745 0)
(0.938828 0.00031574 0)
(0.939906 0.000219286 0)
(0.940666 0.000126325 0)
(0.941118 3.52341e-05 0)
(0.941265 -5.55521e-05 0)
(0.941107 -0.00014756 0)
(0.940636 -0.000242581 0)
(0.93984 -0.000342543 0)
(0.9387 -0.000449727 0)
(0.937189 -0.000566941 0)
(0.935271 -0.00069775 0)
(0.932897 -0.000846812 0)
(0.930002 -0.00102037 0)
(0.926498 -0.00122704 0)
(0.922269 -0.00147901 0)
(0.917158 -0.00179412 0)
(0.910947 -0.00219948 0)
(0.903328 -0.00273822 0)
(0.893858 -0.0034829 0)
(0.881866 -0.00456326 0)
(0.866297 -0.00622661 0)
(0.845393 -0.00896966 0)
(0.816149 -0.013815 0)
(0.773218 -0.0228418 0)
(0.705054 -0.0401491 0)
(0.586785 -0.0733056 0)
(0.413107 -0.128462 0)
(0.305435 -0.150457 0)
)
;

boundaryField
{
    movingWall
    {
        type            fixedValue;
        value           uniform (1 0 0);
    }
    fixedWalls
    {
        type            noSlip;
    }
    frontAndBack
    {
        type            empty;
    }
}


// ************************************************************************* //
