/*--------------------------------*- C++ -*----------------------------------*\
| =========                 |                                                 |
| \\      /  F ield         | OpenFOAM: The Open Source CFD Toolbox           |
|  \\    /   O peration     | Version:  2312                                  |
|   \\  /    A nd           | Website:  www.openfoam.com                      |
|    \\/     M anipulation  |                                                 |
\*---------------------------------------------------------------------------*/
FoamFile
{
    version     2.0;
    format      ascii;
    arch        "LSB;label=32;scalar=64";
    class       surfaceScalarField;
    location    "50";
    object      phi;
}
// * * * * * * * * * * * * * * * * * * * * * * * * * * * * * * * * * * * * * //

dimensions      [0 3 -1 0 0 0 0];

oriented        oriented;

internalField   nonuniform List<scalar> 
5100
(
3.42819e-07
-3.4258e-07
3.2503e-06
-2.90748e-06
7.33213e-06
-4.08183e-06
1.09471e-05
-3.61495e-06
1.3172e-05
-2.22495e-06
1.39571e-05
-7.85102e-07
1.38004e-05
1.56712e-07
1.33777e-05
4.22739e-07
1.32058e-05
1.71909e-07
1.34861e-05
-2.80279e-07
1.41094e-05
-6.23316e-07
1.47497e-05
-6.40369e-07
1.50264e-05
-2.76712e-07
1.47688e-05
2.57655e-07
1.35686e-05
1.20017e-06
1.10052e-05
2.56339e-06
5.57842e-06
5.42682e-06
-4.75094e-06
1.03294e-05
-2.19441e-05
1.71932e-05
-4.72089e-05
2.52648e-05
-7.95182e-05
3.23093e-05
-0.000115942
3.64239e-05
-0.000152724
3.67822e-05
-0.000186726
3.40019e-05
-0.000215701
2.89743e-05
-0.000238102
2.24014e-05
-0.000252851
1.47496e-05
-0.000259304
6.45241e-06
-0.000256952
-2.35137e-06
-0.000244604
-1.23487e-05
-0.000222048
-2.2556e-05
-0.000189227
-3.28207e-05
-0.00014655
-4.26775e-05
-9.52736e-05
-5.12759e-05
-3.77909e-05
-5.74828e-05
2.21608e-05
-5.99517e-05
8.03712e-05
-5.82103e-05
0.000130952
-5.05804e-05
0.000168296
-3.73446e-05
0.000187343
-1.9047e-05
0.000187022
3.20665e-07
0.000167009
2.00133e-05
0.000132782
3.42268e-05
9.16954e-05
4.10869e-05
5.33799e-05
3.83156e-05
2.49979e-05
2.8382e-05
8.49223e-06
1.65056e-05
9.25962e-07
7.56627e-06
-1.63723e-06
2.56319e-06
-1.70113e-06
6.39026e-08
-1.70113e-06
2.01361e-06
-2.35619e-06
8.33198e-06
-9.22584e-06
1.62123e-05
-1.19621e-05
2.30668e-05
-1.04695e-05
2.75523e-05
-6.71046e-06
2.95665e-05
-2.79931e-06
2.97199e-05
3.327e-09
2.89045e-05
1.23811e-06
2.76922e-05
1.38416e-06
2.61234e-05
1.28861e-06
2.36823e-05
1.81771e-06
1.94714e-05
3.57061e-06
1.23038e-05
6.89089e-06
-5.72728e-07
1.31341e-05
-2.29489e-05
2.35763e-05
-5.75036e-05
3.71182e-05
-0.000103558
5.14816e-05
-0.000158319
6.50897e-05
-0.000215755
7.46297e-05
-0.000270167
7.96764e-05
-0.000318251
8.0393e-05
-0.000358833
7.70061e-05
-0.000391905
6.98541e-05
-0.000417539
5.96366e-05
-0.000435647
4.70814e-05
-0.000446046
3.28004e-05
-0.000448508
1.72118e-05
-0.000442389
3.33234e-07
-0.000427838
-1.69018e-05
-0.000404591
-3.55963e-05
-0.000371931
-5.52152e-05
-0.000329671
-7.50813e-05
-0.000277924
-9.44241e-05
-0.000217379
-0.000111821
-0.000149594
-0.000125268
-7.72642e-05
-0.000132281
-5.11546e-06
-0.000130359
6.37837e-05
-0.00011948
0.000122056
-9.56173e-05
0.000164144
-6.11349e-05
0.000187573
-2.31082e-05
0.000194931
1.26558e-05
0.0001864
4.27575e-05
0.000164131
6.33564e-05
0.00013065
7.17966e-05
9.23788e-05
6.66527e-05
5.71793e-05
5.17052e-05
3.04862e-05
3.42594e-05
1.32464e-05
1.98029e-05
3.62739e-06
9.68295e-06
1.92626e-06
3.42517e-06
-5.78136e-06
1.23083e-05
-1.81089e-05
2.22687e-05
-2.19225e-05
3.00801e-05
-1.82809e-05
3.45577e-05
-1.1188e-05
3.58983e-05
-4.1399e-06
3.48854e-05
1.01619e-06
3.21579e-05
3.96561e-06
2.78527e-05
5.68937e-06
2.1195e-05
7.94627e-06
1.03906e-05
1.26221e-05
-8.00747e-06
2.19687e-05
-3.89339e-05
3.78173e-05
-8.50789e-05
5.92792e-05
-0.000144306
8.28034e-05
-0.000210394
0.000103206
-0.000275803
0.00011689
-0.00033499
0.000124277
-0.000386979
0.000126619
-0.000430932
0.000123629
-0.000466725
0.000116186
-0.000494746
0.000105027
-0.00051578
9.0888e-05
-0.000530567
7.44233e-05
-0.000539628
5.61428e-05
-0.000543174
3.63467e-05
-0.000540978
1.50159e-05
-0.000533017
-7.62808e-06
-0.000519007
-3.09122e-05
-0.000498622
-5.59808e-05
-0.00047127
-8.25676e-05
-0.000436184
-0.000110167
-0.000392818
-0.00013779
-0.000340905
-0.000163734
-0.000280788
-0.000185384
-0.000213824
-0.000199245
-0.000142436
-0.000201747
-7.1581e-05
-0.000190335
-6.09506e-06
-0.000161103
5.02451e-05
-0.000117475
9.0999e-05
-6.3862e-05
0.000117036
-1.33814e-05
0.000131138
2.86562e-05
0.000133644
6.08501e-05
0.000123908
8.15326e-05
0.000103179
8.7381e-05
7.589e-05
7.89947e-05
4.82112e-05
6.19382e-05
2.50882e-05
4.29259e-05
8.44515e-06
2.6326e-05
1.03714e-05
5.17154e-06
-1.09529e-05
1.65005e-05
-2.94379e-05
2.73934e-05
-3.28154e-05
3.43239e-05
-2.52114e-05
3.67476e-05
-1.36117e-05
3.54022e-05
-2.79455e-06
3.11098e-05
5.30861e-06
2.39735e-05
1.1102e-05
1.27185e-05
1.69444e-05
-5.92109e-06
2.65858e-05
-3.71466e-05
4.38477e-05
-8.50662e-05
6.98882e-05
-0.000148248
0.000100999
-0.000219244
0.000130275
-0.000288985
0.000152544
-0.000352511
0.000166733
-0.000408054
0.000172434
-0.000454903
0.000171126
-0.000492765
0.000164481
-0.000522649
0.000153513
-0.000545531
0.000139068
-0.000562434
0.000121931
-0.000574301
0.000102754
-0.000581921
8.2044e-05
-0.000585842
6.00637e-05
-0.000586309
3.6813e-05
-0.000583208
1.19152e-05
-0.000576895
-1.39407e-05
-0.000566849
-4.09587e-05
-0.000552638
-7.01913e-05
-0.000533651
-0.000101555
-0.000509034
-0.000134784
-0.000477765
-0.000169059
-0.000438756
-0.000202744
-0.000391083
-0.000233057
-0.000334392
-0.000255935
-0.000269755
-0.000266385
-0.000200171
-0.000259919
-0.000129362
-0.000231911
-6.47262e-05
-0.000182111
-1.16579e-05
-0.00011693
2.67573e-05
-5.17966e-05
5.31372e-05
2.27627e-06
7.13867e-05
4.26006e-05
7.99721e-05
7.29472e-05
7.72696e-05
9.00835e-05
6.47332e-05
9.15311e-05
4.63016e-05
8.03698e-05
2.66323e-05
6.25953e-05
9.67322e-06
4.3285e-05
2.00446e-05
7.59301e-06
-1.85459e-05
2.09755e-05
-4.28204e-05
3.13127e-05
-4.31526e-05
3.55271e-05
-2.94258e-05
3.40331e-05
-1.21177e-05
2.8033e-05
3.20558e-06
1.78829e-05
1.54587e-05
1.96821e-06
2.70167e-05
-2.42425e-05
4.31551e-05
-6.62527e-05
6.8596e-05
-0.00012594
0.000103535
-0.000197714
0.000141662
-0.000271559
0.000174844
-0.000340081
0.000198797
-0.000399659
0.000212123
-0.000448907
0.00021598
-0.000488515
0.000212041
-0.000519449
0.000202061
-0.000542634
0.000187665
-0.000559218
0.000170097
-0.00057046
0.000150309
-0.000577512
0.000128983
-0.000581366
0.000106609
-0.000582794
8.34713e-05
-0.000582358
5.96282e-05
-0.00058043
3.48852e-05
-0.000577204
8.68831e-06
-0.000572945
-1.8199e-05
-0.000567225
-4.6679e-05
-0.000559838
-7.75786e-05
-0.000550318
-0.000111074
-0.000537884
-0.000147219
-0.00052136
-0.000185582
-0.000499125
-0.00022498
-0.00046916
-0.000263022
-0.000429324
-0.000295771
-0.000378062
-0.000317647
-0.000315822
-0.000322159
-0.000244278
-0.000303455
-0.000169899
-0.00025649
-0.000101887
-0.000184942
-4.9557e-05
-0.000104127
-1.35788e-05
-3.37019e-05
1.1999e-05
1.70228e-05
3.08162e-05
5.413e-05
4.06386e-05
8.02611e-05
4.0555e-05
9.16147e-05
3.2554e-05
8.83707e-05
2.00175e-05
7.51318e-05
7.31349e-06
5.59891e-05
2.73581e-05
1.04644e-05
-2.90103e-05
2.45426e-05
-5.68986e-05
3.22111e-05
-5.08211e-05
3.1776e-05
-2.89906e-05
2.46216e-05
-4.96336e-06
1.15941e-05
1.62331e-05
-8.64883e-06
3.57016e-05
-4.08804e-05
5.92483e-05
-9.0053e-05
9.23277e-05
-0.000155959
0.000134502
-0.00023067
0.000178246
-0.000303947
0.00021494
-0.000368977
0.000239874
-0.00042286
0.000252681
-0.000465487
0.000254749
-0.000497635
0.000248128
-0.000520659
0.000235065
-0.000536099
0.000217501
-0.000545441
0.000197007
-0.000550068
0.000174724
-0.000551252
0.000151493
-0.000550089
0.000127821
-0.000547483
0.000104002
-0.000544101
8.00895e-05
-0.000540424
5.59506e-05
-0.000536844
3.13056e-05
-0.000533956
5.8004e-06
-0.000531384
-2.07706e-05
-0.000529019
-4.90449e-05
-0.000527018
-7.95795e-05
-0.000525241
-0.00011285
-0.000523273
-0.000149187
-0.000520262
-0.000188594
-0.000514738
-0.000230503
-0.000504397
-0.000273363
-0.000486005
-0.000314164
-0.00045573
-0.000347922
-0.0004103
-0.000367589
-0.000348488
-0.000365267
-0.000271666
-0.000333312
-0.000188649
-0.000267959
-0.000114889
-0.000177887
-6.30908e-05
-8.54998e-05
-3.13641e-05
-1.47039e-05
-8.37436e-06
3.11402e-05
7.95243e-06
6.39343e-05
1.59073e-05
8.36598e-05
1.60153e-05
8.82627e-05
1.05294e-05
8.06177e-05
3.53812e-06
6.29803e-05
3.08962e-05
1.28374e-05
-4.18477e-05
2.5118e-05
-6.91792e-05
2.76832e-05
-5.33864e-05
2.07236e-05
-2.2031e-05
5.76638e-06
9.99385e-06
-1.78369e-05
3.98364e-05
-5.3923e-05
7.17876e-05
-0.000106594
0.000111919
-0.000174452
0.000160186
-0.000248957
0.000209007
-0.000319813
0.000249102
-0.000380408
0.000275534
-0.000428656
0.000288122
-0.000464624
0.000288648
-0.000489527
0.000279652
-0.00050513
0.000263731
-0.000513295
0.00024323
-0.000515825
0.000220032
-0.000514345
0.000195526
-0.000510269
0.000170649
-0.000504736
0.000145961
-0.000498615
0.0001217
-0.000492569
9.79556e-05
-0.000487022
7.45432e-05
-0.000482252
5.11806e-05
-0.000478498
2.75517e-05
-0.000476175
3.47693e-06
-0.000474828
-2.21175e-05
-0.000474598
-4.92746e-05
-0.000475675
-7.85025e-05
-0.000478193
-0.000110333
-0.000482198
-0.000145182
-0.000487478
-0.000183314
-0.000493341
-0.00022464
-0.00049829
-0.000268414
-0.000499387
-0.000313067
-0.000492197
-0.000355111
-0.000470961
-0.000388825
-0.000430206
-0.000406022
-0.00036647
-0.000397048
-0.000281126
-0.000353304
-0.000187116
-0.000271897
-0.000107263
-0.000165352
-5.8467e-05
-6.35e-05
-3.27464e-05
5.41956e-06
-1.45348e-05
4.57227e-05
-2.61049e-06
7.17355e-05
2.39778e-06
8.32544e-05
2.2005e-06
8.0815e-05
1.68279e-07
6.50126e-05
3.10645e-05
1.31978e-05
-5.50455e-05
2.04991e-05
-7.64805e-05
1.56021e-05
-4.84894e-05
2.02038e-07
-6.63096e-06
-2.52958e-05
3.54917e-05
-6.29717e-05
7.75124e-05
-0.000116028
0.000124844
-0.000182796
0.000178687
-0.000255121
0.000232512
-0.000322762
0.000276648
-0.000379161
0.0003055
-0.000422264
0.000318638
-0.000452419
0.000318277
-0.000471134
0.000307363
-0.000480497
0.000289015
-0.000482728
0.000265963
-0.000479921
0.000240422
-0.000473891
0.000214002
-0.000466107
0.000187743
-0.000457738
0.000162279
-0.000449577
0.000137799
-0.000442146
0.00011427
-0.000435704
9.15139e-05
-0.000430397
6.92354e-05
-0.000426314
4.70981e-05
-0.000423528
2.47655e-05
-0.000422043
1.99181e-06
-0.000421779
-2.2381e-05
-0.000422873
-4.81812e-05
-0.000425445
-7.59301e-05
-0.0004297
-0.000106077
-0.000435889
-0.000138993
-0.000444242
-0.000174962
-0.000454784
-0.000214098
-0.000466962
-0.000256236
-0.000479344
-0.000300685
-0.000488934
-0.000345522
-0.000490346
-0.000387413
-0.000476036
-0.000420332
-0.00043787
-0.000435214
-0.000370246
-0.000420929
-0.000274773
-0.00036737
-0.000169129
-0.000270996
-8.54398e-05
-0.000147189
-4.33359e-05
-3.66844e-05
-2.47928e-05
2.71796e-05
-1.24436e-05
5.93864e-05
-5.45704e-06
7.62679e-05
-2.68832e-06
7.80463e-05
-1.616e-06
6.39403e-05
2.94485e-05
1.03443e-05
-6.53898e-05
9.41772e-06
-7.5554e-05
-4.80635e-06
-3.42653e-05
-3.06478e-05
1.92105e-05
-6.81222e-05
7.2966e-05
-0.000119291
0.000128682
-0.00018284
0.000188392
-0.000251677
0.000247524
-0.000315975
0.00029681
-0.000368851
0.000329524
-0.000407868
0.000344517
-0.000433502
0.000344272
-0.000447469
0.000332244
-0.000452147
0.00031204
-0.000450057
0.000286925
-0.00044352
0.000259426
-0.000434519
0.000231421
-0.000424597
0.00020408
-0.000414813
0.000177959
-0.000405782
0.000153248
-0.000397853
0.00012987
-0.000391176
0.000107592
-0.000385766
8.61044e-05
-0.000381594
6.50633e-05
-0.000378626
4.41302e-05
-0.000376843
2.29823e-05
-0.000376216
1.36509e-06
-0.000376789
-2.18077e-05
-0.000378668
-4.6303e-05
-0.000381987
-7.26108e-05
-0.000386944
-0.00010112
-0.000393794
-0.000132143
-0.000402826
-0.000165929
-0.000414296
-0.000202628
-0.000428282
-0.00024225
-0.000444441
-0.000284525
-0.0004613
-0.000328663
-0.000475804
-0.000372909
-0.000482142
-0.000413994
-0.000471343
-0.000446013
-0.000433138
-0.000459133
-0.000360116
-0.000440391
-0.000254373
-0.000376739
-0.000138625
-0.000262938
-5.62487e-05
-0.00011906
-2.51721e-05
-3.89704e-06
-1.3993e-05
4.82073e-05
-7.16893e-06
6.94438e-05
-3.70756e-06
7.45849e-05
-1.7129e-06
6.19456e-05
2.77356e-05
3.585e-06
-6.89748e-05
-7.44411e-06
-6.45248e-05
-3.22166e-05
-9.49277e-06
-6.86709e-05
5.56648e-05
-0.000116884
0.000121179
-0.000176022
0.000187819
-0.000240566
0.000252937
-0.000301647
0.000308605
-0.000351914
0.000347078
-0.000388189
0.000365798
-0.000410782
0.00036711
-0.000421569
0.00035506
-0.000423103
0.000333777
-0.000418183
0.00030712
-0.000409327
0.00027807
-0.000398674
0.000248773
-0.000387737
0.000220485
-0.000377437
0.000193779
-0.00036829
0.000168812
-0.000360473
0.000145431
-0.000353983
0.00012338
-0.000348729
0.000102338
-0.000344605
8.19804e-05
-0.000341527
6.19857e-05
-0.000339438
4.20414e-05
-0.000338309
2.18527e-05
-0.000338191
1.2473e-06
-0.000339142
-2.08566e-05
-0.000341292
-4.41536e-05
-0.00034479
-6.91122e-05
-0.000349821
-9.60892e-05
-0.000356616
-0.000125349
-0.000365452
-0.000157093
-0.000376631
-0.000191449
-0.000390412
-0.00022847
-0.000406829
-0.000268108
-0.000425365
-0.000310127
-0.000444433
-0.00035384
-0.000460807
-0.000397621
-0.000468424
-0.000438396
-0.000457738
-0.000469819
-0.000417249
-0.00048088
-0.000337779
-0.000456209
-0.000221615
-0.000379102
-9.85797e-05
-0.000242096
-2.61711e-05
-7.63056e-05
-9.11009e-06
3.11463e-05
-3.90227e-06
6.4236e-05
-1.51295e-06
7.21955e-05
-5.29443e-07
6.09621e-05
2.72062e-05
-5.77317e-06
-6.32016e-05
-2.76922e-05
-4.26058e-05
-6.27759e-05
2.5591e-05
-0.000108122
0.000101011
-0.000162731
0.000175788
-0.000222808
0.000247897
-0.000280877
0.000311006
-0.000329551
0.000357278
-0.000364582
0.000382108
-0.000385713
0.00038693
-0.000394866
0.000376263
-0.000394715
0.000354908
-0.000388242
0.000327304
-0.000378229
0.000297107
-0.000366878
0.000266719
-0.000355698
0.000237593
-0.000345559
0.000210346
-0.000336837
0.000185057
-0.000329575
0.00016155
-0.000323642
0.000139498
-0.000318849
0.000118588
-0.000315015
9.85038e-05
-0.00031201
7.89754e-05
-0.000309762
5.97372e-05
-0.000308258
4.05376e-05
-0.00030752
2.11141e-05
-0.000307513
1.24029e-06
-0.000308544
-1.98252e-05
-0.00031066
-4.2037e-05
-0.000313978
-6.57945e-05
-0.000318654
-9.14133e-05
-0.000324863
-0.000119139
-0.000332834
-0.000149122
-0.000342854
-0.000181429
-0.000355262
-0.000216062
-0.000370343
-0.000253027
-0.000388101
-0.000292369
-0.00040786
-0.000334081
-0.000427726
-0.000377755
-0.000444172
-0.00042195
-0.00045072
-0.000463271
-0.000437459
-0.000494141
-0.000392026
-0.000501642
-0.000304058
-0.000467071
-0.000177236
-0.000368918
-5.37547e-05
-0.000199787
-3.34727e-06
-1.92611e-05
1.50409e-06
5.93846e-05
2.65866e-06
7.1041e-05
1.42394e-06
6.21968e-05
2.86301e-05
-1.58567e-05
-4.73449e-05
-4.86167e-05
-9.84582e-06
-9.15358e-05
6.851e-05
-0.000142392
0.000151867
-0.000198403
0.000231799
-0.000253872
0.000303365
-0.000301893
0.000359027
-0.000337234
0.000392619
-0.000358601
0.000403475
-0.000367663
0.000395993
-0.000367208
0.000375808
-0.000360331
0.00034803
-0.00035006
0.000317033
-0.000338705
0.000285752
-0.000327831
0.000255845
-0.00031829
0.000228053
-0.000310342
0.000202397
-0.000303919
0.000178634
-0.000298771
0.000156402
-0.000294626
0.000135352
-0.000291245
0.000115207
-0.000288461
9.57205e-05
-0.000286186
7.67005e-05
-0.000284397
5.79483e-05
-0.000283128
3.92677e-05
-0.000282439
2.04257e-05
-0.00028242
1.22132e-06
-0.000283289
-1.89568e-05
-0.000285177
-4.01484e-05
-0.00028821
-6.27612e-05
-0.000292511
-8.71126e-05
-0.000298186
-0.000113464
-0.00030534
-0.000141968
-0.000314112
-0.000172657
-0.000324713
-0.000205461
-0.000337461
-0.000240279
-0.000352716
-0.000277114
-0.000370617
-0.00031618
-0.000390535
-0.000357836
-0.0004104
-0.000402085
-0.000426097
-0.000447575
-0.000430211
-0.000490027
-0.000412141
-0.000519711
-0.000358834
-0.000520378
-0.000258982
-0.000468769
-0.000120231
-0.000338539
-1.43407e-05
-0.000125151
6.96378e-06
3.80802e-05
6.60194e-06
7.14028e-05
3.48972e-06
6.5309e-05
3.21198e-05
-2.49304e-05
-2.24145e-05
-6.56145e-05
3.08383e-05
-0.000114006
0.000116902
-0.000166967
0.000204828
-0.00022039
0.000285222
-0.000268411
0.000351387
-0.000305494
0.000396109
-0.000328867
0.000415993
-0.00033947
0.000414077
-0.000340079
0.000396602
-0.000333898
0.000369628
-0.00032412
0.000338252
-0.000313288
0.000306201
-0.00030308
0.000275544
-0.000294377
0.000247141
-0.000287385
0.000221061
-0.000281923
0.000196936
-0.000277663
0.000174374
-0.000274248
0.000152987
-0.000271402
0.000132507
-0.000268931
0.000112736
-0.000266735
9.35251e-05
-0.000264786
7.47514e-05
-0.000263115
5.62773e-05
-0.000261796
3.79482e-05
-0.000260931
1.95614e-05
-0.000260671
9.60931e-07
-0.000261191
-1.84364e-05
-0.00026267
-3.86693e-05
-0.000265262
-6.01695e-05
-0.000269096
-8.32787e-05
-0.000274269
-0.000108291
-0.000280834
-0.000135402
-0.000288814
-0.000164678
-0.000298228
-0.000196046
-0.000309165
-0.000229342
-0.00032185
-0.000264429
-0.000336665
-0.000301365
-0.000353928
-0.000340573
-0.000373242
-0.00038277
-0.000392489
-0.000428328
-0.000406707
-0.000475809
-0.000407041
-0.000519378
-0.000381485
-0.000545934
-0.000316573
-0.000533682
-0.000203384
-0.000451728
-5.64271e-05
-0.000272108
9.83852e-06
-2.81854e-05
8.22214e-06
7.30192e-05
5.13948e-06
6.83917e-05
3.72593e-05
-3.13551e-05
8.94067e-06
-7.75123e-05
7.69955e-05
-0.000128378
0.000167768
-0.000180338
0.000256788
-0.000228705
0.000333589
-0.000268391
0.000391072
-0.000295381
0.0004231
-0.000309257
0.000429869
-0.000312361
0.000417181
-0.000307996
0.000392237
-0.000299475
0.000361107
-0.000289599
0.000328376
-0.000280312
0.000296915
-0.000272568
0.0002678
-0.000266598
0.000241172
-0.000262151
0.000216613
-0.000258819
0.000193604
-0.000256198
0.000171753
-0.000253969
0.000150758
-0.000251933
0.000130471
-0.00024998
0.000110783
-0.000248083
9.16276e-05
-0.000246263
7.29317e-05
-0.000244588
5.46024e-05
-0.000243154
3.65138e-05
-0.000242086
1.84933e-05
-0.0002415
3.75141e-07
-0.000241646
-1.8291e-05
-0.00024266
-3.76549e-05
-0.000244709
-5.81201e-05
-0.000247938
-8.00503e-05
-0.000252448
-0.000103781
-0.000258288
-0.000129562
-0.000265452
-0.000157514
-0.000273896
-0.000187602
-0.000283583
-0.000219656
-0.000294545
-0.000253466
-0.000306977
-0.000288934
-0.000321272
-0.000326279
-0.000337837
-0.000366204
-0.000356392
-0.000409773
-0.000374662
-0.000457539
-0.00038656
-0.00050748
-0.000381475
-0.000551018
-0.000345263
-0.000569894
-0.000261896
-0.000535095
-0.000127193
-0.000406811
-6.90343e-06
-0.000148475
1.00457e-05
5.60701e-05
5.21865e-06
7.32187e-05
4.2478e-05
-3.48852e-05
4.38259e-05
-8.36939e-05
0.000125804
-0.000134422
0.000218495
-0.000183109
0.000305475
-0.000225429
0.000375909
-0.000256988
0.000422631
-0.00027573
0.000441842
-0.000282856
0.000436994
-0.000281493
0.000415819
-0.000275089
0.000385833
-0.000266649
0.000352667
-0.000258485
0.000320212
-0.000251785
0.000290214
-0.000246844
0.000262859
-0.000243428
0.000237755
-0.000241055
0.00021424
-0.000239282
0.000191831
-0.000237759
0.00017023
-0.000236274
0.000149273
-0.000234721
0.000128917
-0.000233067
0.000109129
-0.000231337
8.98972e-05
-0.000229582
7.11775e-05
-0.000227886
5.29065e-05
-0.00022635
3.49774e-05
-0.0002251
1.72432e-05
-0.000224252
-4.7281e-07
-0.000224034
-1.8509e-05
-0.000224596
-3.70926e-05
-0.000226114
-5.66026e-05
-0.000228742
-7.74222e-05
-0.000232595
-9.99283e-05
-0.000237721
-0.000124436
-0.000244094
-0.000151141
-0.00025162
-0.000180077
-0.000260175
-0.000211101
-0.000269689
-0.000243952
-0.000280235
-0.000278388
-0.000292119
-0.000314395
-0.000305868
-0.000352456
-0.000321944
-0.000393697
-0.000339886
-0.000439596
-0.00035675
-0.000490617
-0.00036463
-0.000543137
-0.000350627
-0.000583897
-0.000299716
-0.000586007
-0.000200029
-0.000506498
-4.72493e-05
-0.000301254
1.31076e-05
-4.28688e-06
3.52295e-06
8.28034e-05
4.60009e-05
-3.61538e-05
7.99797e-05
-8.47602e-05
0.000174411
-0.000133089
0.000266824
-0.000177238
0.000349624
-0.000213196
0.000411867
-0.000237744
0.00044718
-0.000250341
0.000454439
-0.00025325
0.000439903
-0.000249903
0.000412472
-0.000243537
0.000379467
-0.000236744
0.000345873
-0.000231151
0.000314619
-0.000227241
0.000286304
-0.000224838
0.000260456
-0.000223455
0.000236372
-0.000222583
0.000213368
-0.000221854
0.000191103
-0.000221032
0.000169408
-0.000220013
0.000148254
-0.000218768
0.000127673
-0.000217322
0.000107682
-0.000215723
8.82984e-05
-0.000214039
6.94934e-05
-0.000212351
5.12192e-05
-0.000210756
3.33822e-05
-0.00020937
1.58569e-05
-0.000208313
-1.52959e-06
-0.000207768
-1.90544e-05
-0.000207894
-3.69662e-05
-0.00020887
-5.56263e-05
-0.000210866
-7.54269e-05
-0.00021402
-9.67744e-05
-0.000218414
-0.000120041
-0.000224049
-0.000145506
-0.00023083
-0.000173296
-0.000238578
-0.000203352
-0.000247095
-0.000235436
-0.000256265
-0.000269217
-0.000266215
-0.000304445
-0.000277438
-0.000341233
-0.000290729
-0.000380406
-0.000306654
-0.000423672
-0.000324277
-0.000472995
-0.000339164
-0.00052825
-0.00034104
-0.000582021
-0.000314153
-0.000612893
-0.000237205
-0.000583446
-0.000101117
-0.000437342
1.14777e-05
-0.000116882
5.89908e-06
8.83821e-05
5.19e-05
-3.49936e-05
0.000114973
-8.13186e-05
0.000220736
-0.000125834
0.00031134
-0.00016485
0.000388641
-0.00019488
0.000441896
-0.000213815
0.000466115
-0.000222241
0.000462864
-0.000222989
0.000440651
-0.000219443
0.000408927
-0.00021443
0.000374453
-0.000210025
0.000341469
-0.00020714
0.000311734
-0.000205725
0.000284889
-0.000205339
0.00026007
-0.000205434
0.000236467
-0.000205587
0.000213521
-0.000205549
0.000191065
-0.000205198
0.000169056
-0.000204515
0.000147571
-0.000203524
0.000126682
-0.000202279
0.000106438
-0.000200842
8.68611e-05
-0.000199282
6.79329e-05
-0.000197674
4.96111e-05
-0.000196104
3.18128e-05
-0.000194673
1.44261e-05
-0.000193492
-2.71138e-06
-0.000192715
-1.9831e-05
-0.000192492
-3.71895e-05
-0.000192991
-5.51273e-05
-0.000194382
-7.40354e-05
-0.000196819
-9.43377e-05
-0.000200411
-0.000116449
-0.000205198
-0.000140719
-0.000211129
-0.000167365
-0.00021806
-0.000196421
-0.000225773
-0.000227723
-0.000234041
-0.000260949
-0.000242751
-0.000295735
-0.000252091
-0.000331893
-0.000262728
-0.000369769
-0.000275714
-0.000410685
-0.000291653
-0.000457055
-0.00030882
-0.000511084
-0.000319955
-0.000570887
-0.000310711
-0.000622136
-0.000262817
-0.000631341
-0.000164245
-0.000535914
-2.14772e-05
-0.00025965
3.78718e-06
6.31176e-05
5.56872e-05
-3.18622e-05
0.000146835
-7.44109e-05
0.000263284
-0.000114335
0.000351263
-0.000148129
0.000422435
-0.00017298
0.000466747
-0.000187689
0.000480824
-0.000193577
0.000468752
-0.000193654
0.000440727
-0.00019101
0.000406283
-0.000188015
0.000371459
-0.000186126
0.00033958
-0.000185657
0.000311266
-0.00018624
0.000285472
-0.000187341
0.000261171
-0.000188469
0.000237596
-0.000189331
0.000214383
-0.000189787
0.000191521
-0.000189806
0.000169076
-0.000189424
0.000147188
-0.000188693
0.000125952
-0.000187682
0.000105426
-0.000186454
8.5633e-05
-0.000185074
6.65536e-05
-0.000183611
4.81473e-05
-0.000182137
3.03392e-05
-0.000180739
1.30286e-05
-0.000179517
-3.93422e-06
-0.000178596
-2.07513e-05
-0.000178115
-3.76705e-05
-0.00017823
-5.5013e-05
-0.000179104
-7.31607e-05
-0.000180899
-9.25426e-05
-0.000183746
-0.000113603
-0.000187717
-0.000136748
-0.000192802
-0.000162279
-0.000198893
-0.000190331
-0.00020579
-0.000220826
-0.000213254
-0.000253486
-0.000221083
-0.000287906
-0.000229255
-0.000323721
-0.000238121
-0.000360903
-0.000248571
-0.000400235
-0.000261779
-0.000443847
-0.000277823
-0.000495039
-0.000293107
-0.000555602
-0.000296757
-0.000618486
-0.000273055
-0.000655043
-0.000201282
-0.000607687
-5.40445e-05
-0.000406887
6.03508e-06
3.03806e-06
6.17223e-05
-2.73788e-05
0.000174214
-6.51317e-05
0.000301037
-0.000100089
0.000386221
-0.000128917
0.000451262
-0.000149423
0.000487253
-0.0001611
0.000492501
-0.000165674
0.000473326
-0.00016605
0.000441103
-0.000164872
0.000405105
-0.000164033
0.000370619
-0.00016441
0.000339957
-0.000165893
0.000312749
-0.000167971
0.00028755
-0.000170133
0.000263333
-0.000171998
0.000239461
-0.000173389
0.000215774
-0.000174254
0.000192386
-0.000174619
0.000169441
-0.000174548
0.000147117
-0.00017411
0.000125513
-0.000173374
0.000104691
-0.000172404
8.46625e-05
-0.000171258
6.5408e-05
-0.000169995
4.68847e-05
-0.000168679
2.90234e-05
-0.000167382
1.17308e-05
-0.000166188
-5.1276e-06
-0.000165205
-2.1735e-05
-0.00016455
-3.83255e-05
-0.000164362
-5.52007e-05
-0.000164795
-7.27275e-05
-0.000166008
-9.13301e-05
-0.000168145
-0.000111465
-0.000171316
-0.000133577
-0.000175558
-0.000158037
-0.000180817
-0.000185071
-0.000186935
-0.000214707
-0.000193669
-0.000246752
-0.00020075
-0.000280824
-0.000208008
-0.000316463
-0.000215559
-0.000353353
-0.000224041
-0.000391753
-0.000234677
-0.000433212
-0.000248575
-0.000481141
-0.000264629
-0.000539548
-0.000275951
-0.000607164
-0.000266328
-0.000664666
-0.000209687
-0.000664328
-9.38799e-05
-0.000522694
1.85089e-05
-0.000109351
8.02312e-05
-2.20546e-05
0.000196269
-5.44161e-05
0.000333399
-8.43366e-05
0.000416142
-0.000108589
0.000475515
-0.000125531
0.000504195
-0.000135124
0.000502094
-0.000139206
0.000477408
-0.000140388
0.000442285
-0.000140856
0.000405573
-0.000141996
0.000371759
-0.000144221
0.000342182
-0.000147178
0.000315705
-0.000150337
0.00029071
-0.000153265
0.00026626
-0.000155692
0.000241888
-0.000157529
0.000217612
-0.00015878
0.000193637
-0.000159504
0.000170164
-0.000159773
0.000147387
-0.000159664
0.000125403
-0.000159244
0.000104271
-0.000158573
8.39914e-05
-0.000157705
6.454e-05
-0.000156691
4.58708e-05
-0.000155585
2.79175e-05
-0.000154447
1.05928e-05
-0.000153351
-6.22372e-06
-0.000152383
-2.27027e-05
-0.000151646
-3.90629e-05
-0.000151259
-5.55876e-05
-0.00015136
-7.26266e-05
-0.000152098
-9.05924e-05
-0.00015362
-0.000109943
-0.000156052
-0.000131145
-0.000159471
-0.000154618
-0.00016388
-0.000180663
-0.000169186
-0.000209401
-0.000175204
-0.000240734
-0.000181679
-0.00027435
-0.000188351
-0.000309791
-0.000195108
-0.000346596
-0.000202242
-0.000384618
-0.000210766
-0.000424689
-0.000222273
-0.000469634
-0.000237303
-0.000524518
-0.000251539
-0.000592927
-0.000250633
-0.000665573
-0.000214597
-0.000700365
-0.000131987
-0.000605303
1.16356e-05
-0.000252973
9.18668e-05
-1.62817e-05
0.00021255
-4.29514e-05
0.000360069
-6.79488e-05
0.000441139
-8.8074e-05
0.00049564
-0.000102114
0.000518236
-0.0001103
0.00051028
-0.000114384
0.000481492
-0.000116575
0.000444476
-0.000118589
0.000407587
-0.00012137
0.00037454
-0.000124999
0.000345811
-0.00012902
0.000319727
-0.000132956
0.000294646
-0.00013646
0.000269764
-0.000139354
0.000244782
-0.000141607
0.000219865
-0.00014325
0.00019528
-0.000144354
0.000171268
-0.000144993
0.000148026
-0.000145243
0.000125653
-0.000145168
0.000104197
-0.000144826
8.36495e-05
-0.000144267
6.39808e-05
-0.000143536
4.51397e-05
-0.000142679
2.70607e-05
-0.000141745
9.65854e-06
-0.000140799
-7.17001e-06
-0.000139909
-2.35923e-05
-0.000139162
-3.98103e-05
-0.000138659
-5.60902e-05
-0.000138522
-7.27637e-05
-0.000138886
-9.02279e-05
-0.000139896
-0.000108933
-0.000141687
-0.000129354
-0.000144363
-0.000151942
-0.000147966
-0.000177059
-0.000152458
-0.000204909
-0.000157706
-0.000235486
-0.000163498
-0.000268558
-0.000169583
-0.000303705
-0.000175767
-0.000340412
-0.000182106
-0.00037828
-0.000189245
-0.000417549
-0.000198678
-0.000460201
-0.000211827
-0.00051137
-0.00022667
-0.000578084
-0.000233407
-0.000658836
-0.000215268
-0.000718503
-0.000150092
-0.00067048
-6.51683e-06
-0.000396548
8.535e-05
-1.03369e-05
0.000222887
-3.12313e-05
0.000380963
-5.15124e-05
0.00046142
-6.7925e-05
0.000512052
-7.95724e-05
0.000529883
-8.68113e-05
0.000517519
-9.11436e-05
0.000485824
-9.43254e-05
0.000447658
-9.76407e-05
0.000410902
-0.000101678
0.000378577
-0.00010631
0.000350443
-0.000111077
0.000324493
-0.000115575
0.000299144
-0.000119536
0.000273725
-0.000122848
0.000248093
-0.000125507
0.000222524
-0.000127554
0.000197328
-0.000129058
0.000172771
-0.000130087
0.000149056
-0.000130715
0.00012628
-0.000131004
0.000104486
-0.00013101
8.36558e-05
-0.000130781
6.37518e-05
-0.000130359
4.47173e-05
-0.000129783
2.64851e-05
-0.000129091
8.9663e-06
-0.000128343
-7.91824e-06
-0.00012759
-2.4345e-05
-0.000126903
-4.04978e-05
-0.000126367
-5.66265e-05
-0.000126085
-7.30455e-05
-0.000126179
-9.01339e-05
-0.000126783
-0.000108329
-0.000128034
-0.000128103
-0.000130054
-0.000149922
-0.000132924
-0.000174189
-0.000136658
-0.000201175
-0.000141184
-0.00023096
-0.000146339
-0.000263404
-0.000151886
-0.000298158
-0.000157583
-0.000334715
-0.00016333
-0.000372533
-0.000169473
-0.000411406
-0.000177234
-0.00045244
-0.000188659
-0.000499945
-0.000204519
-0.000562224
-0.000218854
-0.0006445
-0.000212301
-0.000725057
-0.00015453
-0.000728251
-3.43161e-05
-0.000516762
5.10339e-05
-4.34164e-06
0.000227229
-1.95423e-05
0.000396164
-3.53468e-05
0.000477224
-4.84208e-05
0.000525127
-5.80438e-05
0.000539506
-6.45929e-05
0.000524068
-6.92413e-05
0.000490473
-7.32815e-05
0.000451699
-7.76021e-05
0.000415223
-8.25259e-05
0.0003835
-8.78293e-05
0.000355747
-9.31006e-05
0.000329764
-9.80089e-05
0.000304053
-0.000102349
0.000278065
-0.000106048
0.000251793
-0.00010911
0.000225585
-0.000111568
0.000199786
-0.000113481
0.000174684
-0.000114912
0.000150486
-0.000115925
0.000127294
-0.000116585
0.000105146
-0.000116947
8.40173e-05
-0.000117058
6.38628e-05
-0.000116959
4.46183e-05
-0.000116685
2.62109e-05
-0.000116268
8.55016e-06
-0.000115755
-8.43204e-06
-0.000115187
-2.49121e-05
-0.000114621
-4.1064e-05
-0.000114126
-5.71221e-05
-0.000113788
-7.33832e-05
-0.000113714
-9.02082e-05
-0.000114025
-0.000108018
-0.000114854
-0.000127274
-0.000116329
-0.000148447
-0.000118552
-0.000171966
-0.000121577
-0.000198151
-0.000125384
-0.000227152
-0.000129875
-0.000258914
-0.000134869
-0.000293164
-0.000140133
-0.00032945
-0.000145464
-0.000367202
-0.000150919
-0.000405952
-0.000157325
-0.000446033
-0.000166844
-0.000490427
-0.000182108
-0.00054696
-0.000200555
-0.000626052
-0.000205643
-0.000719969
-0.000166319
-0.000767574
-7.468e-05
-0.000608401
-2.36462e-05
1.50539e-06
0.000225724
-8.07976e-06
0.000405749
-1.9654e-05
0.000488799
-2.96598e-05
0.000535132
-3.74716e-05
0.000547318
-4.34713e-05
0.000530068
-4.8397e-05
0.000495398
-5.30878e-05
0.000456389
-5.81142e-05
0.000420249
-6.36133e-05
0.000389
-6.93251e-05
0.000361459
-7.49117e-05
0.000335351
-8.01139e-05
0.000309255
-8.47728e-05
0.000282724
-8.88311e-05
0.000255851
-9.22826e-05
0.000229037
-9.51486e-05
0.000202652
-9.74704e-05
0.000177006
-9.93002e-05
0.000152316
-0.000100699
0.000128693
-0.000101727
0.000106174
-0.000102442
8.47324e-05
-0.000102893
6.43144e-05
-0.000103123
4.48478e-05
-0.000103164
2.62518e-05
-0.000103041
8.42717e-06
-0.000102795
-8.67818e-06
-0.000102456
-2.52511e-05
-0.000102065
-4.14548e-05
-0.000101677
-5.75098e-05
-0.000101364
-7.36961e-05
-0.000101216
-9.03561e-05
-0.000101343
-0.000107891
-0.000101868
-0.000126748
-0.000102922
-0.000147394
-0.000104622
-0.000170266
-0.000107052
-0.000195721
-0.000110235
-0.00022397
-0.000114117
-0.000255032
-0.000118562
-0.000288719
-0.000123362
-0.000324649
-0.000128293
-0.000362272
-0.00013327
-0.000400975
-0.000138783
-0.00044052
-0.000146554
-0.000482656
-0.000159407
-0.000534107
-0.000177778
-0.000607681
-0.00019118
-0.000706568
-0.000177621
-0.000781133
-0.000114459
-0.000671564
-0.000138105
6.83559e-06
0.000218888
2.95585e-06
0.000409629
-4.57455e-06
0.000496329
-1.16616e-05
0.00054222
-1.77808e-05
0.000553437
-2.3208e-05
0.000535495
-2.82707e-05
0.000500461
-3.34066e-05
0.000461525
-3.8892e-05
0.000425735
-4.46957e-05
0.000394803
-5.06024e-05
0.000367365
-5.63597e-05
0.000341108
-6.17596e-05
0.000314655
-6.66754e-05
0.00028764
-7.10544e-05
0.00026023
-7.48728e-05
0.000232855
-7.81314e-05
0.000205911
-8.08522e-05
0.000179727
-8.30732e-05
0.000154537
-8.48477e-05
0.000130467
-8.62348e-05
0.000107561
-8.7294e-05
8.57916e-05
-8.80785e-05
6.50989e-05
-8.86323e-05
4.54015e-05
-8.89894e-05
2.6609e-05
-8.91736e-05
8.61141e-06
-8.92147e-05
-8.63716e-06
-8.9137e-05
-2.53287e-05
-8.89691e-05
-4.16228e-05
-8.87517e-05
-5.77271e-05
-8.85414e-05
-7.39064e-05
-8.84134e-05
-9.04841e-05
-8.84631e-05
-0.000107841
-8.88042e-05
-0.000126407
-8.95625e-05
-0.000146635
-9.08628e-05
-0.000168966
-9.28087e-05
-0.000193775
-9.54595e-05
-0.000221319
-9.8809e-05
-0.000251682
-0.00010277
-0.000284758
-0.000107169
-0.000320251
-0.000111771
-0.00035767
-0.00011638
-0.000396365
-0.000121169
-0.000435731
-0.000127292
-0.000476533
-0.000137316
-0.000524084
-0.000152781
-0.000592216
-0.000168184
-0.000691164
-0.000165165
-0.000784152
-0.000114943
-0.000721786
-0.000253048
1.20682e-05
0.00020682
1.38106e-05
0.000407886
1.04619e-05
0.000499678
5.91842e-06
0.000546763
1.0292e-06
0.000558326
-3.63283e-06
0.000540157
-8.58736e-06
0.000505416
-1.39449e-05
0.000466883
-1.96915e-05
0.000431481
-2.5594e-05
0.000400706
-3.15443e-05
0.000373316
-3.73388e-05
0.000346902
-4.28371e-05
0.000320153
-4.79426e-05
0.000292745
-5.25903e-05
0.000264878
-5.67341e-05
0.000236999
-6.03542e-05
0.000209531
-6.34505e-05
0.000182823
-6.6045e-05
0.000157132
-6.81807e-05
0.000132603
-6.99133e-05
0.000109293
-7.13035e-05
8.71818e-05
-7.24079e-05
6.62033e-05
-7.32748e-05
4.62684e-05
-7.39415e-05
2.72758e-05
-7.4433e-05
9.1029e-06
-7.47719e-05
-8.29825e-06
-7.49781e-05
-2.51226e-05
-7.507e-05
-4.15309e-05
-7.50757e-05
-5.77214e-05
-7.50378e-05
-7.39443e-05
-7.5017e-05
-9.05049e-05
-7.50947e-05
-0.000107764
-7.53735e-05
-0.000126129
-7.59726e-05
-0.000146036
-7.70184e-05
-0.00016792
-7.86259e-05
-0.000192168
-8.08767e-05
-0.000219068
-8.37963e-05
-0.000248763
-8.73365e-05
-0.000281217
-9.13671e-05
-0.00031622
-9.56861e-05
-0.000353351
-0.000100065
-0.000391987
-0.000104452
-0.000431343
-0.000109506
-0.000471479
-0.000117476
-0.000516114
-0.000131142
-0.00057855
-0.000147552
-0.000674754
-0.000147857
-0.000783847
-9.92943e-05
-0.000770349
-0.000352342
1.69818e-05
0.000189838
2.43048e-05
0.000400563
2.51165e-05
0.000498866
2.35216e-05
0.000548358
2.0444e-05
0.000561404
1.60702e-05
0.000544531
1.0973e-05
0.000510513
5.49856e-06
0.000472357
-2.03552e-07
0.000437183
-6.16204e-06
0.000406664
-1.20455e-05
0.000379199
-1.77574e-05
0.000352614
-2.32492e-05
0.000325645
-2.84562e-05
0.000297952
-3.32946e-05
0.000269716
-3.77061e-05
0.00024141
-4.16451e-05
0.00021347
-4.50848e-05
0.000186263
-4.80287e-05
0.000160076
-5.05077e-05
0.000135082
-5.25711e-05
0.000111357
-5.42779e-05
8.88886e-05
-5.56878e-05
6.76131e-05
-5.68536e-05
4.74343e-05
-5.78177e-05
2.82399e-05
-5.86099e-05
9.8951e-06
-5.92473e-05
-7.66092e-06
-5.97496e-05
-2.46202e-05
-6.01282e-05
-4.11523e-05
-6.04012e-05
-5.74484e-05
-6.05984e-05
-7.37471e-05
-6.07665e-05
-9.03367e-05
-6.09733e-05
-0.000107557
-6.13089e-05
-0.000125793
-6.1884e-05
-0.000145461
-6.28225e-05
-0.000166981
-6.42457e-05
-0.000190744
-6.62533e-05
-0.00021706
-6.88976e-05
-0.000246118
-7.21628e-05
-0.000277952
-7.595e-05
-0.000312433
-8.00721e-05
-0.000349229
-8.4268e-05
-0.000387791
-8.83345e-05
-0.000427277
-9.25466e-05
-0.000467267
-9.86646e-05
-0.000509996
-0.00010968
-0.000567535
-0.000124455
-0.000659979
-0.000126589
-0.000781713
-8.67172e-05
-0.00081022
-0.000439059
2.13798e-05
0.000168458
3.42762e-05
0.000387667
3.92412e-05
0.000493901
4.04911e-05
0.000547108
3.90955e-05
0.000562799
3.55239e-05
0.000548102
3.05571e-05
0.00051548
2.49841e-05
0.00047793
1.92479e-05
0.00044292
1.35867e-05
0.000412326
7.97042e-06
0.000384815
2.41717e-06
0.000358168
-2.98506e-06
0.000331047
-8.16461e-06
0.000303132
-1.30862e-05
0.000274638
-1.76751e-05
0.000245999
-2.18629e-05
0.000217658
-2.55939e-05
0.000189994
-2.8852e-05
0.000163334
-3.16519e-05
0.000137882
-3.40299e-05
0.000113735
-3.60397e-05
9.08983e-05
-3.77415e-05
6.9315e-05
-3.9193e-05
4.88857e-05
-4.04413e-05
2.94882e-05
-4.15224e-05
1.09762e-05
-4.24529e-05
-6.73038e-06
-4.32555e-05
-2.38177e-05
-4.39378e-05
-4.047e-05
-4.45112e-05
-5.68751e-05
-4.49954e-05
-7.32629e-05
-4.54255e-05
-8.99067e-05
-4.5856e-05
-0.000107126
-4.63648e-05
-0.000125284
-4.70523e-05
-0.000144774
-4.80358e-05
-0.000165998
-4.94353e-05
-0.000189345
-5.13594e-05
-0.000215136
-5.38768e-05
-0.000243601
-5.69975e-05
-0.000274831
-6.06572e-05
-0.000308773
-6.47013e-05
-0.000345185
-6.88832e-05
-0.000383609
-7.29363e-05
-0.000423224
-7.69143e-05
-0.000463289
-8.21385e-05
-0.000504772
-9.1513e-05
-0.00055816
-0.000105061
-0.000646431
-0.000108348
-0.000778426
-7.46724e-05
-0.000843896
-0.000513732
2.50008e-05
0.000143457
4.34774e-05
0.00036919
5.27904e-05
0.000484588
5.70035e-05
0.000542895
5.74556e-05
0.000562347
5.485e-05
0.000550708
5.02488e-05
0.000520081
4.48019e-05
0.000483377
3.92359e-05
0.000448486
3.38231e-05
0.000417738
2.85684e-05
0.00039007
2.33759e-05
0.00036336
1.8208e-05
0.000336215
1.31047e-05
0.000308235
8.16366e-06
0.000279579
3.47971e-06
0.000250683
-8.57962e-07
0.000221996
-4.81572e-06
0.000193952
-8.34786e-06
0.000166866
-1.14411e-05
0.000140975
-1.4116e-05
0.00011641
-1.64175e-05
9.31999e-05
-1.84039e-05
7.13014e-05
-2.01347e-05
5.06165e-05
-2.16601e-05
3.10136e-05
-2.30202e-05
1.23363e-05
-2.42396e-05
-5.51097e-06
-2.5344e-05
-2.27133e-05
-2.63414e-05
-3.94725e-05
-2.72404e-05
-5.5976e-05
-2.8055e-05
-7.24483e-05
-2.8811e-05
-8.91507e-05
-2.9552e-05
-0.000106385
-3.03435e-05
-0.000124493
-3.12748e-05
-0.000143842
-3.24551e-05
-0.000164818
-3.40015e-05
-0.000187798
-3.60265e-05
-0.000213111
-3.86094e-05
-0.000241018
-4.17771e-05
-0.000271664
-4.54851e-05
-0.000305065
-4.95928e-05
-0.000341077
-5.38604e-05
-0.000379341
-5.79869e-05
-0.000419097
-6.188e-05
-0.000459395
-6.63625e-05
-0.000500289
-7.40175e-05
-0.000550505
-8.60068e-05
-0.000634442
-9.11499e-05
-0.000773283
-6.52062e-05
-0.00086984
-0.000578938
2.74642e-05
0.000115993
5.15365e-05
0.000345118
6.55242e-05
0.0004706
7.30014e-05
0.000535418
7.55858e-05
0.000559763
7.41797e-05
0.000552114
7.01426e-05
0.000524118
6.49588e-05
0.000488561
5.96263e-05
0.000453818
5.45321e-05
0.000422833
4.96778e-05
0.000394924
4.49e-05
0.000368138
4.00902e-05
0.000341025
3.52518e-05
0.000313073
3.04471e-05
0.000284383
2.5777e-05
0.000255353
2.13374e-05
0.000226435
1.72271e-05
0.000198062
1.35007e-05
0.000170592
1.01813e-05
0.000144294
7.26104e-06
0.00011933
4.70558e-06
9.57554e-05
2.46429e-06
7.35426e-05
4.79912e-07
5.26009e-05
-1.30873e-06
3.28023e-05
-2.95979e-06
1.39873e-05
-4.47688e-06
-3.99388e-06
-5.89336e-06
-2.12969e-05
-7.22078e-06
-3.81451e-05
-8.46983e-06
-5.47269e-05
-9.65305e-06
-7.12651e-05
-1.07912e-05
-8.80125e-05
-1.19202e-05
-0.000105256
-1.30958e-05
-0.000123317
-1.43941e-05
-0.000142544
-1.5911e-05
-0.000163301
-1.77607e-05
-0.000185949
-2.00524e-05
-0.000210819
-2.28637e-05
-0.000238207
-2.62386e-05
-0.000268289
-3.01568e-05
-0.000301147
-3.45098e-05
-0.000336724
-3.90918e-05
-0.000374759
-4.3618e-05
-0.000414571
-4.79654e-05
-0.000455048
-5.25747e-05
-0.00049568
-5.97377e-05
-0.000543342
-7.11439e-05
-0.000623036
-7.76838e-05
-0.000766743
-5.70564e-05
-0.000890467
-0.000635994
2.82404e-05
8.77528e-05
5.80048e-05
0.000315354
7.71648e-05
0.00045144
8.8347e-05
0.000524235
9.34339e-05
0.000554676
9.3544e-05
0.000552004
9.02871e-05
0.000527375
8.54761e-05
0.000493372
8.04195e-05
0.000458875
7.56799e-05
0.000427572
7.12813e-05
0.000399323
6.70067e-05
0.000372412
6.26769e-05
0.000345355
5.82379e-05
0.000317512
5.37258e-05
0.000288896
4.92315e-05
0.000259847
4.48585e-05
0.000230808
4.07073e-05
0.000202213
3.68531e-05
0.000174446
3.33432e-05
0.000147804
3.01916e-05
0.000122482
2.73806e-05
9.85663e-05
2.48702e-05
7.6053e-05
2.26082e-05
5.48629e-05
2.0543e-05
3.48674e-05
1.86268e-05
1.59036e-05
1.68303e-05
-2.19745e-06
1.51106e-05
-1.95771e-05
1.34536e-05
-3.64882e-05
1.18445e-05
-5.31179e-05
1.02689e-05
-6.96894e-05
8.70669e-06
-8.64503e-05
7.12636e-06
-0.000103676
5.47729e-06
-0.000121668
3.69119e-06
-0.000140758
1.6839e-06
-0.000161293
-6.32871e-07
-0.000183632
-3.34702e-06
-0.000208105
-6.56534e-06
-0.000234989
-1.03288e-05
-0.000264525
-1.46344e-05
-0.000296841
-1.94002e-05
-0.000331958
-2.44165e-05
-0.000369743
-2.94922e-05
-0.000409495
-3.43613e-05
-0.000450179
-3.92767e-05
-0.000490765
-4.60288e-05
-0.00053659
-5.70655e-05
-0.000611999
-6.5667e-05
-0.000758142
-5.07121e-05
-0.000905422
-0.000686706
2.68015e-05
6.09513e-05
6.23637e-05
0.000279791
8.72564e-05
0.000426548
0.000102706
0.000508786
0.000110797
0.000546585
0.000112848
0.000549953
0.000110663
0.00052956
0.000106367
0.000497667
0.000101615
0.000463627
9.72137e-05
0.000431974
9.32757e-05
0.000403261
8.95626e-05
0.000376126
8.58225e-05
0.000349095
8.19289e-05
0.000321406
7.78759e-05
0.000292949
7.37304e-05
0.000263993
6.95869e-05
0.000234952
6.55456e-05
0.000206254
6.16938e-05
0.000178298
5.80954e-05
0.000151403
5.47853e-05
0.000125792
5.17667e-05
0.000101585
4.90168e-05
7.88029e-05
4.64951e-05
5.73846e-05
4.41535e-05
3.7209e-05
4.19408e-05
1.81163e-05
3.98358e-05
-9.24057e-08
3.77809e-05
-1.75223e-05
3.57635e-05
-3.44708e-05
3.37618e-05
-5.11161e-05
3.17565e-05
-6.76841e-05
2.97256e-05
-8.44194e-05
2.76387e-05
-0.000101589
2.5453e-05
-0.000119482
2.31093e-05
-0.000138414
2.05334e-05
-0.000158717
1.76337e-05
-0.000180732
1.4318e-05
-0.00020479
1.0518e-05
-0.000231189
6.18779e-06
-0.000260195
1.3298e-06
-0.000291983
-3.98103e-06
-0.000326647
-9.71561e-06
-0.000364009
-1.56502e-05
-0.000403561
-2.14126e-05
-0.000444417
-2.74157e-05
-0.000484761
-3.47794e-05
-0.000529227
-4.61483e-05
-0.00060063
-5.6048e-05
-0.000748242
-4.54147e-05
-0.000916055
-0.000732121
2.31044e-05
3.78469e-05
6.42628e-05
0.000238633
9.53901e-05
0.00039542
0.000115723
0.000488453
0.000127402
0.000534906
0.000131904
0.000545452
0.000131163
0.000530301
0.000127584
0.000501246
0.000123189
0.000468022
0.000119105
0.000436058
0.000115609
0.000406757
0.000112488
0.000379247
0.000109425
0.000352158
0.000106213
0.000324618
0.000102782
0.00029638
9.91589e-05
0.000267616
9.54187e-05
0.000238692
9.16515e-05
0.000210022
8.79484e-05
0.000182001
8.43842e-05
0.000154967
8.10107e-05
0.000129165
7.78517e-05
0.000104744
7.49035e-05
8.17512e-05
7.21411e-05
6.01469e-05
6.9526e-05
3.98241e-05
6.70139e-05
2.06284e-05
6.45684e-05
2.35316e-06
6.21566e-05
-1.51105e-05
5.97479e-05
-3.20621e-05
5.73165e-05
-4.86847e-05
5.48391e-05
-6.52067e-05
5.22898e-05
-8.18701e-05
4.96371e-05
-9.89364e-05
4.68401e-05
-0.000116685
4.38455e-05
-0.00013542
4.05852e-05
-0.000155457
3.69794e-05
-0.000177127
3.29479e-05
-0.000200758
2.84244e-05
-0.000226665
2.33631e-05
-0.000255134
1.77617e-05
-0.000286382
1.16544e-05
-0.00032054
5.1317e-06
-0.000357486
-1.41612e-06
-0.000397013
-8.56252e-06
-0.00043727
-1.55861e-05
-0.000477738
-2.36629e-05
-0.00052115
-3.57107e-05
-0.000588582
-4.76167e-05
-0.000736336
-4.13155e-05
-0.000922357
-0.000773437
1.79294e-05
1.99176e-05
6.34445e-05
0.000193118
0.000100974
0.000357891
0.000126866
0.000462561
0.000142847
0.000518925
0.000150407
0.000537891
0.000151589
0.000529119
0.00014902
0.000503815
0.000145079
0.000471962
0.000141277
0.00043986
0.000138146
0.000409887
0.000135578
0.000381815
0.000133229
0.000354507
0.000130808
0.000327039
0.00012816
0.000299028
0.000125249
0.000270526
0.000122111
0.00024183
0.000118813
0.000213319
0.00011544
0.000185375
0.000112068
0.000158339
0.000108762
0.000132471
0.000105563
0.000107943
0.000102487
8.48267e-05
9.95286e-05
6.31058e-05
9.6663e-05
4.26897e-05
9.38578e-05
2.34337e-05
9.10575e-05
5.15341e-06
8.82683e-05
-1.23213e-05
8.54374e-05
-2.92311e-05
8.2539e-05
-4.57864e-05
7.95465e-05
-6.22142e-05
7.64309e-05
-7.87545e-05
7.31587e-05
-9.56642e-05
6.9689e-05
-0.000113216
6.59709e-05
-0.000131701
6.19432e-05
-0.00015143
5.75371e-05
-0.00017272
5.26831e-05
-0.000195904
4.73167e-05
-0.000221299
4.13936e-05
-0.000249211
3.48947e-05
-0.000279883
2.78483e-05
-0.000313494
2.03595e-05
-0.000349997
1.22886e-05
-0.000388942
3.75006e-06
-0.000428732
-4.40951e-06
-0.000469578
-1.42357e-05
-0.000511324
-2.75834e-05
-0.000575234
-4.13113e-05
-0.000722608
-3.79743e-05
-0.000925694
-0.000811411
1.25629e-05
7.35462e-06
5.98011e-05
0.00014588
0.000103493
0.000314199
0.000135645
0.000430409
0.000156639
0.000497931
0.000167926
0.000526605
0.000171612
0.000525432
0.000170469
0.000504959
0.000167191
0.000475239
0.0001637
0.000443352
0.000160874
0.000412713
0.000158792
0.000383897
0.000157143
0.000356156
0.000155568
0.000328614
0.00015382
0.000300775
0.000151783
0.000272564
0.000149432
0.000244181
0.0001468
0.000215951
0.000143949
0.000188227
0.000140949
0.000161338
0.000137869
0.000135551
0.000134762
0.00011105
0.000131662
8.79267e-05
0.000128581
6.61868e-05
0.000125512
4.57586e-05
0.000122434
2.65123e-05
0.00011931
8.27741e-06
0.000116129
-9.14113e-06
0.000112856
-2.59578e-05
0.000109462
-4.23921e-05
0.000105918
-5.86705e-05
0.000102194
-7.50307e-05
9.82551e-05
-9.17251e-05
9.40598e-05
-0.000109021
8.95591e-05
-0.000127201
8.46971e-05
-0.000146568
7.94102e-05
-0.000167434
7.36361e-05
-0.00019013
6.73128e-05
-0.000214975
6.03978e-05
-0.000242296
5.28629e-05
-0.000272348
4.472e-05
-0.000305351
3.59521e-05
-0.000341229
2.65233e-05
-0.000379513
1.67934e-05
-0.000419002
6.77036e-06
-0.000459555
-4.93407e-06
-0.000499619
-1.95438e-05
-0.000560625
-3.54241e-05
-0.000706728
-3.53369e-05
-0.000925781
-0.000846748
8.1077e-06
-7.53081e-07
5.3038e-05
0.000100949
0.000102546
0.000264691
0.000141456
0.000391499
0.000168112
0.000471275
0.00018386
0.000510857
0.000190762
0.00051853
0.0001916
0.000504122
0.000189306
0.000477533
0.000186208
0.00044645
0.000183623
0.000415298
0.00018192
0.0003856
0.000180901
0.000357176
0.000180181
0.000329334
0.000179421
0.000301535
0.000178405
0.00027358
0.000177029
0.000245557
0.00017527
0.00021771
0.000173153
0.000190344
0.00017073
0.000163761
0.000168066
0.000138216
0.000165218
0.000113898
0.000162234
9.09109e-05
0.000159142
6.92782e-05
0.000155955
4.8946e-05
0.000152665
2.98023e-05
0.000149254
1.16882e-05
0.000145703
-5.58992e-06
0.000141995
-2.22501e-05
0.0001381
-3.84969e-05
0.000133989
-5.45595e-05
0.000129632
-7.06741e-05
0.000124995
-8.70877e-05
0.000120037
-0.000104063
0.000114711
-0.000121874
0.000108964
-0.000140821
0.000102737
-0.000161206
9.59718e-05
-0.000183365
8.86075e-05
-0.000207611
8.05984e-05
-0.000234287
7.18953e-05
-0.000263645
6.24654e-05
-0.000295921
5.22386e-05
-0.000331002
4.12796e-05
-0.000368554
2.97265e-05
-0.000407449
1.73131e-05
-0.000447142
3.43706e-06
-0.000485743
-1.28185e-05
-0.000544369
-3.06175e-05
-0.000688929
-3.31476e-05
-0.000923251
-0.000879895
5.01992e-06
-5.773e-06
4.33398e-05
6.26294e-05
9.78774e-05
0.000210153
0.000143476
0.0003459
0.000176386
0.000438365
0.000197413
0.00048983
0.000208354
0.000507589
0.000211898
0.000500577
0.000211124
0.000478307
0.000208716
0.000448858
0.000206441
0.000417573
0.000205049
0.000386992
0.000204554
0.000357671
0.000204617
0.000329271
0.000204843
0.000301308
0.000204918
0.000273505
0.000204645
0.00024583
0.000203927
0.000218428
0.000202738
0.000191533
0.000201097
0.000165402
0.000199048
0.000140265
0.000196647
0.000116298
0.000193948
9.36106e-05
0.000190991
7.22344e-05
0.000187806
5.21313e-05
0.000184404
3.32046e-05
0.000180778
1.53135e-05
0.000176909
-1.72024e-06
0.000172807
-1.81483e-05
0.000168437
-3.41266e-05
0.000163772
-4.98952e-05
0.000158787
-6.56883e-05
0.000153446
-8.17466e-05
0.000147711
-9.83284e-05
0.000141538
-0.000115701
0.000134875
-0.000134158
0.000127665
-0.000153996
0.00011985
-0.00017555
0.000111364
-0.000199125
0.000102153
-0.000225076
9.21443e-05
-0.000253637
8.12837e-05
-0.00028506
6.94873e-05
-0.000319206
5.67824e-05
-0.000355849
4.31911e-05
-0.000393857
2.85659e-05
-0.000432517
1.28951e-05
-0.000470072
-5.46667e-06
-0.000526007
-2.58771e-05
-0.000668518
-3.13246e-05
-0.000917803
-0.00091122
3.07026e-06
-8.84327e-06
3.28933e-05
3.28064e-05
8.8605e-05
0.000154442
0.000140493
0.000294012
0.000180369
0.000398489
0.000207576
0.000462623
0.00022347
0.000491695
0.000230574
0.000493473
0.000232011
0.00047687
0.000230752
0.000450117
0.000229
0.000419325
0.000227951
0.000388041
0.000227919
0.000357703
0.000228698
0.000328492
0.000229882
0.000300125
0.000231081
0.000272306
0.000232005
0.000244906
0.000232471
0.000217962
0.000232385
0.000191619
0.00023172
0.000166067
0.000230491
0.000141494
0.000228738
0.000118051
0.000226512
9.58365e-05
0.000223863
7.48833e-05
0.00022083
5.51639e-05
0.000217445
3.65903e-05
0.000213718
1.90397e-05
0.000209626
2.37201e-06
0.000205203
-1.37253e-05
0.000200417
-2.93404e-05
0.000195249
-4.47269e-05
0.000189673
-6.01125e-05
0.000183657
-7.57304e-05
0.000177165
-9.18365e-05
0.000170151
-0.000108687
0.000162568
-0.000126576
0.000154355
-0.000145783
0.000145453
-0.000166648
0.000135785
-0.000189457
0.000125284
-0.000214574
0.000113849
-0.000242202
0.0001014
-0.000272611
8.78182e-05
-0.000305624
7.30728e-05
-0.000341104
5.70726e-05
-0.000377857
3.98512e-05
-0.000415295
2.15765e-05
-0.000451798
1.3869e-06
-0.000505818
-2.18238e-05
-0.000645308
-2.97439e-05
-0.000909883
-0.000940964
1.82261e-06
-1.06659e-05
2.25461e-05
1.20829e-05
7.42469e-05
0.000102741
0.000131537
0.000236722
0.000178911
0.000351115
0.000213089
0.000428446
0.000234897
0.000469887
0.000246603
0.000481767
0.000251243
0.000472231
0.000251934
0.000449425
0.000251228
0.000420031
0.000250756
0.000388513
0.000251213
0.000357246
0.000252621
0.000327084
0.000254661
0.000298084
0.000256924
0.000270043
0.000259045
0.000242785
0.000260756
0.000216251
0.000261888
0.000190487
0.000262351
0.000165604
0.000262119
0.000141727
0.000261203
0.000118967
0.000259644
9.73959e-05
0.000257489
7.70383e-05
0.000254785
5.78678e-05
0.00025157
3.98054e-05
0.000247868
2.27414e-05
0.000243712
6.52783e-06
0.000239064
-9.07736e-06
0.000233963
-2.42394e-05
0.000228379
-3.91424e-05
0.000222288
-5.40214e-05
0.000215661
-6.91033e-05
0.000208464
-8.46402e-05
0.000200652
-0.000100874
0.000192174
-0.000118098
0.000182963
-0.000136572
0.000172954
-0.000156639
0.000162054
-0.000178557
0.000150175
-0.000202695
0.000137188
-0.000229215
0.000122986
-0.000258409
0.00010741
-0.000290049
9.03904e-05
-0.000324084
7.18085e-05
-0.000359275
5.18597e-05
-0.000395346
3.07651e-05
-0.000430703
7.69337e-06
-0.000482746
-1.7636e-05
-0.000619978
-2.82452e-05
-0.000899274
-0.000969209
7.67073e-07
-1.1433e-05
1.3879e-05
-1.02897e-06
5.67253e-05
5.98945e-05
0.000116799
0.000176649
0.000170996
0.000296917
0.000212585
0.000386857
0.00024115
0.000441322
0.000258466
0.000464452
0.000267377
0.00046332
0.000271044
0.000445758
0.000272247
0.000418828
0.000272948
0.000387812
0.000274217
0.000355977
0.000276374
0.000324926
0.000279276
0.000295183
0.000282567
0.000266752
0.000285862
0.00023949
0.000288831
0.000213281
0.000291236
0.000188083
0.000292925
0.000163915
0.000293819
0.000140832
0.000293898
0.000118888
0.000293176
9.81174e-05
0.000291693
7.85219e-05
0.000289495
6.00661e-05
0.000286625
4.26746e-05
0.000283129
2.62379e-05
0.000279028
1.06288e-05
0.000274299
-4.3489e-06
0.000269009
-1.89492e-05
0.000263125
-3.32583e-05
0.000256628
-4.75243e-05
0.000249489
-6.19644e-05
0.000241676
-7.68267e-05
0.000233136
-9.23345e-05
0.000223816
-0.000108778
0.000213638
-0.000126395
0.000202524
-0.000145524
0.000190357
-0.00016639
0.000177027
-0.000189365
0.000162366
-0.000214555
0.000146234
-0.000242277
0.000128423
-0.000272237
0.000108831
-0.000304492
8.7317e-05
-0.000337761
6.41735e-05
-0.000372203
3.97028e-05
-0.000406232
1.39231e-05
-0.000456966
-1.37793e-05
-0.000592276
-2.6776e-05
-0.000886277
-0.000995985
1.26855e-07
-1.15598e-05
8.24574e-06
-9.14785e-06
3.97129e-05
2.84274e-05
9.6728e-05
0.000119633
0.000155846
0.000237798
0.000204741
0.000337963
0.000240667
0.000405396
0.000264622
0.000440496
0.000279092
0.00044885
0.000287075
0.000437775
0.00029138
0.000414523
0.000294182
0.00038501
0.000296872
0.000353287
0.000300107
0.000321691
0.000303995
0.000291295
0.000308325
0.000262422
0.000312759
0.000235056
0.000316955
0.000209086
0.000320628
0.00018441
0.000323574
0.000160969
0.000325667
0.000138739
0.000326845
0.00011771
0.000327095
9.78673e-05
0.000326436
7.91807e-05
0.000324908
6.15942e-05
0.000322554
4.5029e-05
0.000319423
2.93687e-05
0.000315559
1.44929e-05
0.000310897
3.13012e-07
0.000305572
-1.36238e-05
0.000299524
-2.72102e-05
0.00029275
-4.07505e-05
0.000285219
-5.44337e-05
0.000276896
-6.85036e-05
0.000267721
-8.31591e-05
0.000257631
-9.86887e-05
0.000246531
-0.000115294
0.000234323
-0.000133317
0.00022086
-0.000152927
0.000206
-0.000174505
0.000189533
-0.000198087
0.000171283
-0.000224027
0.000150997
-0.000251951
0.000128568
-0.000282063
0.000103867
-0.00031306
7.73075e-05
-0.000345643
4.93361e-05
-0.000378261
2.08511e-05
-0.000428481
-9.64692e-06
-0.000561778
-2.52638e-05
-0.00087066
-0.00102125
4.01147e-07
-1.1961e-05
5.98757e-06
-1.47343e-05
2.63911e-05
8.02385e-06
7.36837e-05
7.23408e-05
0.000133876
0.000177606
0.000188516
0.000283323
0.000231482
0.00036243
0.000262635
0.000409343
0.00028389
0.000427596
0.000297734
0.000423931
0.000306743
0.000405514
0.000313095
0.000378657
0.000318373
0.000348009
0.000323513
0.000316551
0.000328901
0.000285907
0.00033454
0.000256783
0.000340223
0.000229373
0.000345667
0.000203641
0.000350598
0.000179478
0.000354794
0.000156773
0.000358098
0.000135435
0.000360416
0.000115392
0.00036171
9.65739e-05
0.000361977
7.89138e-05
0.000361241
6.23302e-05
0.000359541
4.67288e-05
0.000356911
3.19988e-05
0.000353387
1.80163e-05
0.000349043
4.65693e-06
0.000343789
-8.36937e-06
0.000337719
-2.11397e-05
0.000330802
-3.38337e-05
0.000323
-4.6632e-05
0.000314275
-5.97791e-05
0.000304556
-7.34391e-05
0.000293766
-8.7899e-05
0.000281784
-0.000103313
0.000268489
-0.000120022
0.000253693
-0.00013813
0.000237219
-0.000158031
0.000218805
-0.000179673
0.000198239
-0.000203461
0.00017522
-0.000228933
0.000149644
-0.000256487
0.000121395
-0.000284811
9.10123e-05
-0.000315261
5.91601e-05
-0.000346409
2.77955e-05
-0.000397117
-5.81536e-06
-0.000528167
-2.37557e-05
-0.00085272
-0.001045
2.45778e-06
-1.44187e-05
7.24516e-06
-1.95217e-05
1.97284e-05
-4.45938e-06
5.27334e-05
3.93358e-05
0.000107104
0.000123235
0.000164015
0.000226412
0.000212809
0.000313635
0.000251248
0.000370904
0.000280161
0.000398683
0.000301295
0.000402797
0.000316623
0.000390187
0.000328151
0.000367129
0.000337495
0.000338665
0.000345758
0.000308288
0.000353558
0.000278107
0.000361127
0.000249214
0.000368444
0.000222056
0.000375351
0.000196734
0.000381646
0.000173183
0.000387137
0.000151282
0.000391674
0.000130898
0.000395157
0.000111908
0.00039753
9.42007e-05
0.00039878
7.76643e-05
0.000398913
6.21972e-05
0.000397962
4.76794e-05
0.000395955
3.40058e-05
0.000392941
2.10308e-05
0.000388946
8.65147e-06
0.00038392
-3.34315e-06
0.000377944
-1.51639e-05
0.000370996
-2.68858e-05
0.000363025
-3.86613e-05
0.000353986
-5.07397e-05
0.000343788
-6.32409e-05
0.000332341
-7.64518e-05
0.000319491
-9.04628e-05
0.000305088
-0.000105619
0.000288897
-0.000121939
0.000270702
-0.000139836
0.000250181
-0.000159152
0.000227091
-0.000180371
0.000201091
-0.000202933
0.00017211
-0.000227505
0.000140072
-0.000252773
0.000105739
-0.000280928
7.00556e-05
-0.000310726
3.58051e-05
-0.000362866
-1.89544e-06
-0.000490466
-2.19169e-05
-0.000832699
-0.00106692
6.92577e-06
-2.13445e-05
1.22781e-05
-2.4874e-05
1.96935e-05
-1.18747e-05
3.82504e-05
2.07788e-05
7.88449e-05
8.26408e-05
0.000131853
0.000173404
0.000183515
0.000261973
0.000228297
0.000326122
0.000265184
0.000361796
0.000294805
0.000373176
0.000318221
0.000366771
0.0003369
0.00034845
0.000352235
0.000323331
0.000365329
0.000295194
0.000376942
0.000266494
0.000387515
0.00023864
0.000397238
0.000212334
0.000406128
0.000187844
0.000414116
0.000165196
0.000421099
0.000144299
0.000426979
0.000125017
0.000431689
0.000107199
0.000435181
9.07084e-05
0.000437446
7.53987e-05
0.000438488
6.11557e-05
0.000438335
4.78326e-05
0.000437012
3.53289e-05
0.00043456
2.34826e-05
0.000430998
1.22129e-05
0.000426265
1.39075e-06
0.00042045
-9.34972e-06
0.000413523
-1.99587e-05
0.000405423
-3.05609e-05
0.000396095
-4.14122e-05
0.000385426
-5.25712e-05
0.000373307
-6.43332e-05
0.00035955
-7.67055e-05
0.000343975
-9.00439e-05
0.000326292
-0.000104257
0.000306251
-0.000119794
0.000283469
-0.00013637
0.00025768
-0.000154583
0.000228505
-0.000173758
0.000195923
-0.000194923
0.000159917
-0.000216767
0.000121525
-0.000242536
8.19875e-05
-0.000271188
4.50044e-05
-0.000325883
4.34722e-06
-0.000449809
-1.88662e-05
-0.000809485
-0.00108579
1.30003e-05
-3.43448e-05
1.75319e-05
-2.94055e-05
2.12927e-05
-1.56356e-05
2.89165e-05
1.3155e-05
5.30622e-05
5.84951e-05
9.54056e-05
0.00013106
0.000144994
0.000212385
0.000193654
0.000277462
0.000237807
0.000317643
0.00027627
0.000334713
0.000308943
0.000334098
0.000336437
0.000320956
0.000359649
0.000300118
0.000379464
0.00027538
0.000396632
0.000249326
0.00041171
0.000223562
0.000425058
0.000198986
0.000436878
0.000176024
0.000447259
0.000154815
0.000456233
0.000135324
0.000463802
0.000117449
0.000469965
0.000101035
0.000474725
8.59482e-05
0.000478101
7.20236e-05
0.000480111
5.91447e-05
0.000480793
4.71512e-05
0.000480173
3.59486e-05
0.000478281
2.53749e-05
0.000475135
1.53589e-05
0.000470797
5.72908e-06
0.000465094
-3.64655e-06
0.000458157
-1.30218e-05
0.000449895
-2.2299e-05
0.000440231
-3.17486e-05
0.000429023
-4.13628e-05
0.000416154
-5.14643e-05
0.000401396
-6.19478e-05
0.000384548
-7.31961e-05
0.000365268
-8.49767e-05
0.000343283
-9.78092e-05
0.000318152
-0.00011124
0.000289614
-0.000126044
0.00025725
-0.000141393
0.000221137
-0.000158811
0.000181325
-0.000176954
0.000139218
-0.000200428
9.6225e-05
-0.000228196
5.70488e-05
-0.000286707
1.48699e-05
-0.00040763
-1.20476e-05
-0.000782568
-0.00109784
1.85838e-05
-5.29287e-05
1.9072e-05
-2.98937e-05
1.54019e-05
-1.19655e-05
1.33845e-05
1.51725e-05
2.34332e-05
4.84464e-05
5.25707e-05
0.000101923
9.60503e-05
0.000168905
0.000145679
0.000227833
0.000196096
0.000267226
0.000243541
0.000287268
0.000286372
0.000291267
0.000324071
0.000283257
0.000356806
0.000267383
0.000385086
0.0002471
0.000409529
0.000224883
0.000430712
0.000202379
0.0004491
0.000180598
0.000465045
0.00016008
0.000478794
0.000141065
0.00049053
0.000123589
0.000500376
0.000107603
0.000508434
9.29773e-05
0.000514779
7.96029e-05
0.000519486
6.73168e-05
0.000522611
5.60202e-05
0.000524216
4.55463e-05
0.000524342
3.5822e-05
0.000523043
2.66736e-05
0.000520343
1.80594e-05
0.000516267
9.80462e-06
0.000510666
1.95452e-06
0.000503644
-5.99921e-06
0.000495116
-1.37715e-05
0.000485
-2.16324e-05
0.00047314
-2.95032e-05
0.000459422
-3.77459e-05
0.000443573
-4.60987e-05
0.000425394
-5.50171e-05
0.000404501
-6.40835e-05
0.000380637
-7.39452e-05
0.000353316
-8.39193e-05
0.000322337
-9.5065e-05
0.000287246
-0.000106303
0.000248243
-0.000119808
0.000205348
-0.000134059
0.000160371
-0.00015545
0.000114636
-0.000182462
7.38817e-05
-0.000245952
3.15788e-05
-0.000365327
3.08108e-06
-0.00075407
-0.00109475
1.48062e-05
-6.77348e-05
5.64498e-06
-2.07325e-05
-4.61155e-06
-1.70899e-06
-1.05982e-05
2.11591e-05
-1.10445e-05
4.88927e-05
5.25476e-06
8.56235e-05
3.95866e-05
0.000134574
8.669e-05
0.00018073
0.00014067
0.000213245
0.000195676
0.000232262
0.000248393
0.000238551
0.000296787
0.000234862
0.000340033
0.000224137
0.00037808
0.000209053
0.000411257
0.000191706
0.000440031
0.000173605
0.000464874
0.000155754
0.00048623
0.000138725
0.00050447
0.000122825
0.000519917
0.000108142
0.00053282
9.46997e-05
0.000543396
8.2401e-05
0.000551807
7.11916e-05
0.000558208
6.09156e-05
0.000562704
5.15246e-05
0.000565411
4.28391e-05
0.000566388
3.48451e-05
0.000565722
2.734e-05
0.00056342
2.03611e-05
0.000559554
1.36705e-05
0.000554145
7.3635e-06
0.000546987
1.15878e-06
0.000538104
-4.88833e-06
0.000527432
-1.096e-05
0.000514886
-1.69573e-05
0.000500337
-2.31968e-05
0.000483472
-2.92337e-05
0.000464154
-3.56995e-05
0.00044199
-4.19198e-05
0.000416819
-4.8774e-05
0.000388104
-5.52045e-05
0.000355825
-6.27861e-05
0.000319466
-6.9943e-05
0.000279432
-7.97746e-05
0.000235457
-9.00841e-05
0.00018949
-0.000109484
0.000142999
-0.000135971
0.000101397
-0.00020435
6.08518e-05
-0.000324782
2.25351e-05
-0.000715753
-0.00107222
6.60526e-06
-7.43401e-05
-2.14946e-05
7.36741e-06
-5.67858e-05
3.35822e-05
-7.59605e-05
4.03338e-05
-8.00517e-05
5.29839e-05
-6.64238e-05
7.19956e-05
-3.29075e-05
0.000101057
1.59953e-05
0.000131827
7.32299e-05
0.000156011
0.000134945
0.000170548
0.000196369
0.000177126
0.000254509
0.000176722
0.000307712
0.000170935
0.000355381
0.000161385
0.000397515
0.000149571
0.000434358
0.000136763
0.000466318
0.000123794
0.000493834
0.000111208
0.000517354
9.93045e-05
0.000537276
8.82203e-05
0.000553954
7.80219e-05
0.000567688
6.86667e-05
0.000578729
6.01505e-05
0.000587294
5.23506e-05
0.000593554
4.52644e-05
0.000597673
3.87203e-05
0.00059976
3.27583e-05
0.000599936
2.7164e-05
0.000598249
2.20476e-05
0.000594792
1.7128e-05
0.000589547
1.2608e-05
0.000582586
8.12027e-06
0.000573679
4.0185e-06
0.000562737
-1.84177e-08
0.000549994
-4.214e-06
0.000535249
-8.4516e-06
0.000518198
-1.21825e-05
0.000498895
-1.63966e-05
0.00047689
-1.99151e-05
0.000452344
-2.42283e-05
0.000424564
-2.74241e-05
0.000393966
-3.21881e-05
0.000359704
-3.56814e-05
0.000322637
-4.27076e-05
0.000281903
-4.935e-05
0.000239406
-6.69864e-05
0.000194934
-9.14993e-05
0.000152962
-0.000162378
0.00011403
-0.00028585
5.84749e-05
-0.000660198
-0.00101374
-5.25357e-05
-2.18044e-05
-8.26951e-05
3.75268e-05
-0.000126585
7.7472e-05
-0.000152492
6.62409e-05
-0.000162488
6.298e-05
-0.000151038
6.05451e-05
-0.000118799
6.88182e-05
-6.89082e-05
8.19367e-05
-5.61443e-06
9.2717e-05
6.16318e-05
0.000103301
0.00013096
0.000107798
0.000197953
0.000109729
0.000260296
0.000108592
0.000316872
0.000104809
0.000367378
9.90655e-05
0.000411817
9.23237e-05
0.000450543
8.50677e-05
0.000483956
7.77955e-05
0.00051258
7.068e-05
0.000536858
6.39424e-05
0.000557265
5.7615e-05
0.000574178
5.17545e-05
0.000587969
4.63594e-05
0.000598909
4.14105e-05
0.000607264
3.69087e-05
0.000613254
3.27304e-05
0.000617066
2.89464e-05
0.00061887
2.53601e-05
0.000618763
2.21548e-05
0.000616881
1.90098e-05
0.00061322
1.62689e-05
0.000607923
1.34177e-05
0.000600905
1.10365e-05
0.000592583
8.30321e-06
0.000582192
6.17749e-06
0.000570326
3.41449e-06
0.000556601
1.54216e-06
0.000541404
-1.19929e-06
0.000523966
-2.47729e-06
0.000504991
-5.25404e-06
0.000483676
-6.10848e-06
0.000460857
-9.36923e-06
0.000435036
-9.8605e-06
0.000407506
-1.51774e-05
0.000376487
-1.83312e-05
0.000343608
-3.41072e-05
0.000306998
-5.4889e-05
0.00026625
-0.000121631
0.000220604
-0.000240204
0.000127481
-0.000567075
-0.000886263
-0.00020578
0.000183975
-0.00027108
0.000102827
-0.000275186
8.15777e-05
-0.000266365
5.74199e-05
-0.00025034
4.69549e-05
-0.000224519
3.47246e-05
-0.000186737
3.10357e-05
-0.000134755
2.99555e-05
-7.41316e-05
3.20933e-05
-6.80644e-06
3.59763e-05
6.19447e-05
3.90467e-05
0.000129714
4.19599e-05
0.0001946
4.3706e-05
0.0002555
4.39079e-05
0.00031151
4.30559e-05
0.000362311
4.15225e-05
0.000408015
3.93638e-05
0.000448852
3.69588e-05
0.000485224
3.43081e-05
0.000517439
3.17275e-05
0.000545947
2.91067e-05
0.000571011
2.66907e-05
0.000593137
2.42334e-05
0.000612427
2.21202e-05
0.000629296
2.00395e-05
0.000643799
1.82281e-05
0.000656332
1.64129e-05
0.000666834
1.48588e-05
0.00067571
1.32784e-05
0.000682779
1.19402e-05
0.000688496
1.05525e-05
0.000692541
9.3725e-06
0.000695442
8.13574e-06
0.000696683
7.06196e-06
0.000696902
5.95873e-06
0.000695382
4.93425e-06
0.000692944
3.98031e-06
0.000688724
3.02121e-06
0.000683939
2.30687e-06
0.000677287
1.39808e-06
0.000670139
1.03938e-06
0.000660626
1.43799e-07
0.000650669
9.6724e-08
0.000637039
-1.54722e-06
0.000621915
-3.20726e-06
0.000599606
-1.17987e-05
0.000572312
-2.75945e-05
0.000525854
-7.51727e-05
0.000455635
-0.000169985
0.000273935
-0.000385374
-0.000612329
0.000183975
0.000286802
0.00036838
0.0004258
0.000472755
0.00050748
0.000538515
0.000568471
0.000600564
0.00063654
0.000675587
0.000717547
0.000761253
0.000805161
0.000848217
0.000889739
0.000929103
0.000966062
0.00100037
0.0010321
0.0010612
0.00108789
0.00111213
0.00113425
0.00115429
0.00117252
0.00118893
0.00120379
0.00121707
0.00122901
0.00123956
0.00124893
0.00125707
0.00126413
0.00127009
0.00127502
0.001279
0.00128202
0.00128433
0.00128573
0.00128677
0.00128691
0.00128701
0.00128546
0.00128225
0.00127046
0.00124286
0.00116769
0.000997703
0.000612329
)
;

boundaryField
{
    movingWall
    {
        type            calculated;
        value           uniform 0;
    }
    fixedWalls
    {
        type            calculated;
        value           uniform 0;
    }
    frontAndBack
    {
        type            empty;
        value           nonuniform List<scalar> 0();
    }
}


// ************************************************************************* //
