/*--------------------------------*- C++ -*----------------------------------*\
| =========                 |                                                 |
| \\      /  F ield         | OpenFOAM: The Open Source CFD Toolbox           |
|  \\    /   O peration     | Version:  2312                                  |
|   \\  /    A nd           | Website:  www.openfoam.com                      |
|    \\/     M anipulation  |                                                 |
\*---------------------------------------------------------------------------*/
FoamFile
{
    version     2.0;
    format      ascii;
    arch        "LSB;label=32;scalar=64";
    class       volVectorField;
    location    "50";
    object      U;
}
// * * * * * * * * * * * * * * * * * * * * * * * * * * * * * * * * * * * * * //

dimensions      [0 1 -1 0 0 0 0];

internalField   nonuniform List<vector> 
2601
(
(-0.000187677 7.05193e-05 0)
(0.000594279 -0.000441506 0)
(0.00268234 -0.000689844 0)
(0.00476143 -0.000593505 0)
(0.00629614 -0.000308314 0)
(0.00704264 -3.0391e-05 0)
(0.00715089 0.000121044 0)
(0.0069507 0.000114204 0)
(0.00676533 -7.45102e-06 0)
(0.00679214 -0.000177452 0)
(0.00705082 -0.000339666 0)
(0.00741396 -0.000458102 0)
(0.00768863 -0.000490592 0)
(0.00776043 -0.000378737 0)
(0.0074588 -0.000277886 0)
(0.00654262 -0.000958797 0)
(0.00461929 -0.00242783 0)
(0.000866551 -0.00337973 0)
(-0.00601347 -0.00248375 0)
(-0.0166593 0.000845453 0)
(-0.0313269 0.00524018 0)
(-0.0494101 0.00889208 0)
(-0.0688322 0.0108011 0)
(-0.0874205 0.0111215 0)
(-0.103775 0.0103482 0)
(-0.116977 0.00884885 0)
(-0.126419 0.0068778 0)
(-0.131703 0.00465228 0)
(-0.132544 0.0023301 0)
(-0.128603 -0.000123555 0)
(-0.119439 -0.00273543 0)
(-0.105163 -0.00540746 0)
(-0.0857475 -0.00801889 0)
(-0.0617314 -0.0103299 0)
(-0.034003 -0.0120573 0)
(-0.00411973 -0.0129311 0)
(0.0260702 -0.0128841 0)
(0.0539491 -0.0107349 0)
(0.0768158 -0.00686289 0)
(0.0919202 -0.00156606 0)
(0.0975781 0.00418247 0)
(0.093287 0.00897759 0)
(0.0791779 0.0122813 0)
(0.0582265 0.013021 0)
(0.0360544 0.0101534 0)
(0.0183908 0.0052075 0)
(0.00731196 0.0012952 0)
(0.00160774 -0.000492067 0)
(-0.000602562 -0.000946381 0)
(-0.00111896 -0.000977903 0)
(-0.000572941 -0.000887142 0)
(6.69476e-05 -0.000457633 0)
(0.00212728 -0.0026379 0)
(0.00626735 -0.00360855 0)
(0.0102119 -0.00320752 0)
(0.0131727 -0.00202995 0)
(0.0148138 -0.000796007 0)
(0.0153017 3.68288e-05 0)
(0.0150616 0.000328002 0)
(0.0145103 0.000186657 0)
(0.0138347 -0.000116751 0)
(0.0129118 -0.000292557 0)
(0.0113641 -0.000163659 0)
(0.00864769 0.000232579 0)
(0.00393383 0.000595924 0)
(-0.00458175 0.00136108 0)
(-0.0186457 0.00380062 0)
(-0.0392742 0.00872332 0)
(-0.0662325 0.0152772 0)
(-0.0962742 0.021902 0)
(-0.125007 0.0270808 0)
(-0.150985 0.0299204 0)
(-0.173586 0.0303482 0)
(-0.192593 0.0285987 0)
(-0.207756 0.0252034 0)
(-0.219025 0.0206021 0)
(-0.226249 0.0151578 0)
(-0.229312 0.00910606 0)
(-0.228093 0.00260141 0)
(-0.222595 -0.00430949 0)
(-0.21277 -0.011564 0)
(-0.198174 -0.0191035 0)
(-0.178872 -0.0267436 0)
(-0.154714 -0.034133 0)
(-0.12609 -0.0406912 0)
(-0.093594 -0.0456535 0)
(-0.0583142 -0.0481532 0)
(-0.021018 -0.0474387 0)
(0.0151047 -0.0427677 0)
(0.0476846 -0.033352 0)
(0.0739633 -0.0194692 0)
(0.0917819 -0.00405944 0)
(0.100582 0.0102044 0)
(0.100456 0.0214759 0)
(0.0920727 0.0286494 0)
(0.0768444 0.0300314 0)
(0.0572339 0.0251207 0)
(0.0372665 0.0166593 0)
(0.0208995 0.00886791 0)
(0.00993445 0.00385121 0)
(0.00336037 0.00107862 0)
(0.000456219 -0.000719535 0)
(0.0002857 -0.00191103 0)
(0.00342267 -0.00665949 0)
(0.00894719 -0.00843197 0)
(0.0136581 -0.00731321 0)
(0.0168319 -0.00470024 0)
(0.0182915 -0.00199607 0)
(0.0183238 -3.06792e-05 0)
(0.0173354 0.000962056 0)
(0.0155855 0.00126191 0)
(0.0129513 0.00148307 0)
(0.00877809 0.00221014 0)
(0.00178712 0.00377547 0)
(-0.0100866 0.0069367 0)
(-0.0291813 0.013507 0)
(-0.0568258 0.024096 0)
(-0.0904048 0.0357331 0)
(-0.124827 0.0447905 0)
(-0.156895 0.0503444 0)
(-0.185573 0.0530384 0)
(-0.209982 0.0532424 0)
(-0.230182 0.0512638 0)
(-0.24631 0.0472571 0)
(-0.258803 0.0415421 0)
(-0.267939 0.0344648 0)
(-0.274014 0.0263592 0)
(-0.277097 0.017462 0)
(-0.277259 0.00789258 0)
(-0.274481 -0.00235274 0)
(-0.268668 -0.0133169 0)
(-0.259711 -0.0249221 0)
(-0.24729 -0.037045 0)
(-0.231155 -0.0494226 0)
(-0.211 -0.0615385 0)
(-0.186748 -0.0725482 0)
(-0.158533 -0.0812332 0)
(-0.126788 -0.086096 0)
(-0.0920564 -0.0857594 0)
(-0.0558262 -0.0794707 0)
(-0.0194809 -0.0652764 0)
(0.0123973 -0.0448426 0)
(0.0378208 -0.0210505 0)
(0.0555324 0.00141114 0)
(0.0658227 0.0199039 0)
(0.0700137 0.0335177 0)
(0.0680139 0.0410005 0)
(0.059532 0.0411149 0)
(0.0461121 0.0348503 0)
(0.0310319 0.025415 0)
(0.0177291 0.0161776 0)
(0.00739174 0.00894654 0)
(0.00144579 0.00281408 0)
(0.000603194 -0.00404662 0)
(0.00497923 -0.0118354 0)
(0.0115492 -0.0139131 0)
(0.0162053 -0.0113157 0)
(0.0185688 -0.00672685 0)
(0.0188047 -0.00225382 0)
(0.017356 0.00105365 0)
(0.0145176 0.00311107 0)
(0.0100883 0.00461304 0)
(0.00296256 0.00672984 0)
(-0.00897894 0.0109303 0)
(-0.0285757 0.0193542 0)
(-0.0576183 0.0329459 0)
(-0.0932034 0.0484592 0)
(-0.130028 0.0615328 0)
(-0.164754 0.0706003 0)
(-0.195579 0.0756058 0)
(-0.221692 0.0770251 0)
(-0.243122 0.0754687 0)
(-0.2602 0.0715361 0)
(-0.273474 0.0656455 0)
(-0.283462 0.0581867 0)
(-0.290716 0.0494849 0)
(-0.295618 0.0398287 0)
(-0.298493 0.02941 0)
(-0.299489 0.0183154 0)
(-0.298731 0.00650356 0)
(-0.296223 -0.00612126 0)
(-0.291873 -0.0196326 0)
(-0.285505 -0.0340965 0)
(-0.276838 -0.0494404 0)
(-0.265532 -0.0654333 0)
(-0.251155 -0.0815586 0)
(-0.233286 -0.0968734 0)
(-0.211571 -0.109899 0)
(-0.185786 -0.118627 0)
(-0.155789 -0.12085 0)
(-0.12194 -0.114765 0)
(-0.0855694 -0.0989939 0)
(-0.0496722 -0.0743815 0)
(-0.0177632 -0.043936 0)
(0.00616475 -0.0150732 0)
(0.0221584 0.00895185 0)
(0.0333807 0.0276674 0)
(0.0406238 0.0407985 0)
(0.0420751 0.0466709 0)
(0.0374593 0.0448001 0)
(0.0285469 0.0373189 0)
(0.018267 0.027534 0)
(0.00834065 0.0180269 0)
(0.00172853 0.00784341 0)
(0.00118293 -0.00724251 0)
(0.00697471 -0.0182693 0)
(0.0139742 -0.0196118 0)
(0.017683 -0.0144628 0)
(0.0183009 -0.00723242 0)
(0.0163666 -0.000634957 0)
(0.0123567 0.0043386 0)
(0.00604721 0.00827052 0)
(-0.00396383 0.0128897 0)
(-0.0205239 0.0209178 0)
(-0.0465361 0.0348031 0)
(-0.0813203 0.0532758 0)
(-0.119862 0.0713968 0)
(-0.157061 0.0855451 0)
(-0.190127 0.0946467 0)
(-0.218021 0.0989095 0)
(-0.240742 0.099092 0)
(-0.258587 0.0960096 0)
(-0.272133 0.0904175 0)
(-0.282001 0.0828971 0)
(-0.288876 0.0739429 0)
(-0.293369 0.063943 0)
(-0.29603 0.0531858 0)
(-0.297279 0.0418657 0)
(-0.297457 0.0300542 0)
(-0.296791 0.0177121 0)
(-0.295439 0.00469117 0)
(-0.293457 -0.00917005 0)
(-0.290764 -0.0239949 0)
(-0.287275 -0.0399607 0)
(-0.282803 -0.0571408 0)
(-0.27705 -0.0754742 0)
(-0.269564 -0.0945891 0)
(-0.259732 -0.113676 0)
(-0.246791 -0.131268 0)
(-0.22983 -0.145146 0)
(-0.207811 -0.15244 0)
(-0.179788 -0.150221 0)
(-0.145714 -0.136083 0)
(-0.107175 -0.109533 0)
(-0.0682931 -0.0737026 0)
(-0.0356246 -0.0367271 0)
(-0.013766 -0.00643204 0)
(0.000549628 0.0161948 0)
(0.0121923 0.03351 0)
(0.0199107 0.0445635 0)
(0.0221775 0.0477106 0)
(0.0193989 0.043892 0)
(0.0135799 0.0357808 0)
(0.00637045 0.025791 0)
(0.00119391 0.0123831 0)
(0.00209935 -0.011861 0)
(0.00906687 -0.0255941 0)
(0.0153769 -0.0245986 0)
(0.0171091 -0.0157527 0)
(0.0151015 -0.00526821 0)
(0.0100444 0.00382792 0)
(0.00196128 0.0113853 0)
(-0.0105914 0.0195366 0)
(-0.030681 0.0317287 0)
(-0.0605043 0.0500537 0)
(-0.0978516 0.0720022 0)
(-0.137037 0.0922641 0)
(-0.173097 0.107381 0)
(-0.203708 0.11656 0)
(-0.228382 0.120258 0)
(-0.247317 0.119306 0)
(-0.261194 0.11473 0)
(-0.270733 0.10749 0)
(-0.276777 0.0984072 0)
(-0.280065 0.0880834 0)
(-0.281328 0.0769823 0)
(-0.281154 0.065408 0)
(-0.28006 0.0535558 0)
(-0.278433 0.0415011 0)
(-0.276598 0.0292209 0)
(-0.27478 0.0166008 0)
(-0.273116 0.00345822 0)
(-0.27161 -0.0104092 0)
(-0.270231 -0.0252177 0)
(-0.269027 -0.0412506 0)
(-0.267944 -0.0587203 0)
(-0.266862 -0.0777566 0)
(-0.265499 -0.0982552 0)
(-0.263356 -0.119733 0)
(-0.25962 -0.141083 0)
(-0.253032 -0.160325 0)
(-0.24185 -0.174476 0)
(-0.2239 -0.179795 0)
(-0.197304 -0.172485 0)
(-0.161321 -0.149818 0)
(-0.11813 -0.112599 0)
(-0.0746966 -0.0676395 0)
(-0.0412973 -0.0269118 0)
(-0.0220922 0.00178677 0)
(-0.00933037 0.0224264 0)
(0.00105179 0.0376197 0)
(0.0073579 0.0455245 0)
(0.00907095 0.0457857 0)
(0.00722313 0.0403495 0)
(0.00323195 0.030888 0)
(0.000345956 0.0152133 0)
(0.00320013 -0.0179931 0)
(0.0103746 -0.0328126 0)
(0.0145584 -0.0276391 0)
(0.0132857 -0.0141786 0)
(0.00772561 2.87017e-05 0)
(-0.00171169 0.0125235 0)
(-0.0161571 0.0251094 0)
(-0.0382736 0.0413785 0)
(-0.0696276 0.0632851 0)
(-0.107491 0.0880718 0)
(-0.146055 0.110371 0)
(-0.180368 0.12659 0)
(-0.208378 0.136004 0)
(-0.229806 0.139179 0)
(-0.245116 0.137175 0)
(-0.255145 0.131211 0)
(-0.260883 0.122456 0)
(-0.263279 0.111899 0)
(-0.263267 0.100307 0)
(-0.26161 0.088209 0)
(-0.258985 0.0759539 0)
(-0.255875 0.0637193 0)
(-0.252685 0.0515737 0)
(-0.24967 0.0394826 0)
(-0.247044 0.0273497 0)
(-0.244924 0.0150292 0)
(-0.243373 0.00235389 0)
(-0.242338 -0.0108845 0)
(-0.241871 -0.0249935 0)
(-0.242009 -0.0402629 0)
(-0.242832 -0.0569762 0)
(-0.244372 -0.0753633 0)
(-0.246642 -0.0955513 0)
(-0.249477 -0.11743 0)
(-0.252452 -0.140442 0)
(-0.254563 -0.163275 0)
(-0.254044 -0.183558 0)
(-0.24816 -0.197665 0)
(-0.233583 -0.201002 0)
(-0.207275 -0.188801 0)
(-0.16801 -0.158227 0)
(-0.119115 -0.111468 0)
(-0.0709252 -0.0586967 0)
(-0.0376746 -0.0161343 0)
(-0.0218269 0.0100287 0)
(-0.0113038 0.0283648 0)
(-0.00336155 0.0402291 0)
(0.00078927 0.0443493 0)
(0.00169397 0.0417306 0)
(0.00045628 0.0331341 0)
(-0.000309069 0.0160783 0)
(0.00399765 -0.0250614 0)
(0.00977908 -0.0383407 0)
(0.0104408 -0.0274038 0)
(0.00516818 -0.0087194 0)
(-0.00495502 0.00988379 0)
(-0.0204173 0.027865 0)
(-0.043124 0.0483373 0)
(-0.0742613 0.0733728 0)
(-0.111247 0.100733 0)
(-0.148521 0.125212 0)
(-0.181034 0.142901 0)
(-0.206628 0.152837 0)
(-0.225215 0.155738 0)
(-0.237375 0.152865 0)
(-0.244153 0.145686 0)
(-0.246709 0.13559 0)
(-0.246188 0.123741 0)
(-0.243617 0.111026 0)
(-0.239864 0.0980513 0)
(-0.235588 0.0851908 0)
(-0.231279 0.0726389 0)
(-0.227238 0.0604446 0)
(-0.223667 0.0485624 0)
(-0.22066 0.0368762 0)
(-0.21829 0.0252347 0)
(-0.216563 0.013467 0)
(-0.215473 0.00139697 0)
(-0.214976 -0.011186 0)
(-0.215168 -0.0245623 0)
(-0.216038 -0.0389728 0)
(-0.217718 -0.054667 0)
(-0.220285 -0.0718653 0)
(-0.223906 -0.0907569 0)
(-0.228659 -0.111442 0)
(-0.234543 -0.133819 0)
(-0.241195 -0.157352 0)
(-0.247559 -0.180719 0)
(-0.251417 -0.201378 0)
(-0.249265 -0.215296 0)
(-0.236734 -0.217071 0)
(-0.209823 -0.200995 0)
(-0.166921 -0.163668 0)
(-0.112295 -0.107891 0)
(-0.059632 -0.0473651 0)
(-0.0281185 -0.00418287 0)
(-0.0165922 0.018997 0)
(-0.0088416 0.033629 0)
(-0.00388697 0.0410248 0)
(-0.00163799 0.0408992 0)
(-0.00114357 0.0332111 0)
(-0.000572772 0.0155649 0)
(0.00389117 -0.0315618 0)
(0.00653445 -0.040277 0)
(0.00255528 -0.0226859 0)
(-0.00762076 0.00168039 0)
(-0.023245 0.0259991 0)
(-0.0454668 0.0512262 0)
(-0.0751388 0.0794323 0)
(-0.110272 0.109353 0)
(-0.145874 0.136317 0)
(-0.176802 0.156042 0)
(-0.200479 0.167069 0)
(-0.216826 0.170138 0)
(-0.226575 0.166756 0)
(-0.230855 0.158624 0)
(-0.231051 0.147402 0)
(-0.228427 0.13443 0)
(-0.224147 0.120728 0)
(-0.2191 0.106975 0)
(-0.213938 0.0935805 0)
(-0.209067 0.0807387 0)
(-0.204716 0.0684922 0)
(-0.200989 0.0567789 0)
(-0.197916 0.0454698 0)
(-0.195486 0.0343987 0)
(-0.193686 0.0233864 0)
(-0.192487 0.0122475 0)
(-0.191871 0.000785707 0)
(-0.191822 -0.0112095 0)
(-0.19244 -0.0239604 0)
(-0.193717 -0.0376767 0)
(-0.19579 -0.0525513 0)
(-0.198736 -0.0687529 0)
(-0.202734 -0.0864197 0)
(-0.207934 -0.105648 0)
(-0.214485 -0.126473 0)
(-0.222372 -0.148769 0)
(-0.231215 -0.172045 0)
(-0.239887 -0.195104 0)
(-0.246012 -0.215514 0)
(-0.245701 -0.229093 0)
(-0.233955 -0.229773 0)
(-0.20592 -0.210596 0)
(-0.159342 -0.166715 0)
(-0.0990293 -0.100972 0)
(-0.0425464 -0.0322391 0)
(-0.0162627 0.00861145 0)
(-0.00964839 0.0276047 0)
(-0.00489356 0.0372529 0)
(-0.00245377 0.0390548 0)
(-0.0013454 0.0321948 0)
(-0.0004421 0.0145658 0)
(0.00269837 -0.035323 0)
(0.000708677 -0.0371358 0)
(-0.00874395 -0.0125639 0)
(-0.0240794 0.01789 0)
(-0.0452644 0.0486518 0)
(-0.072842 0.080568 0)
(-0.105493 0.113315 0)
(-0.13918 0.143182 0)
(-0.168821 0.165675 0)
(-0.191253 0.17864 0)
(-0.206094 0.182565 0)
(-0.214227 0.179205 0)
(-0.216831 0.170517 0)
(-0.215428 0.158431 0)
(-0.211467 0.144537 0)
(-0.206154 0.129985 0)
(-0.200446 0.115568 0)
(-0.194914 0.101719 0)
(-0.189918 0.0886407 0)
(-0.18559 0.0763454 0)
(-0.181963 0.0647463 0)
(-0.178993 0.053698 0)
(-0.176625 0.0430322 0)
(-0.174804 0.0325737 0)
(-0.173495 0.0221503 0)
(-0.172682 0.0115932 0)
(-0.17236 0.000720511 0)
(-0.172538 -0.0106615 0)
(-0.173328 -0.022757 0)
(-0.174736 -0.0357566 0)
(-0.176887 -0.0498397 0)
(-0.179863 -0.065148 0)
(-0.18382 -0.0818012 0)
(-0.188918 -0.0998717 0)
(-0.195334 -0.119385 0)
(-0.203167 -0.1403 0)
(-0.212319 -0.162446 0)
(-0.222275 -0.185365 0)
(-0.231799 -0.207962 0)
(-0.238483 -0.22794 0)
(-0.238409 -0.24103 0)
(-0.226231 -0.240464 0)
(-0.196377 -0.2177 0)
(-0.145881 -0.165842 0)
(-0.0798203 -0.0878569 0)
(-0.0218923 -0.0121958 0)
(-0.00609965 0.0218306 0)
(-0.00297948 0.0340744 0)
(-0.00113267 0.0373068 0)
(-0.000441224 0.0312058 0)
(-6.63225e-05 0.0138719 0)
(0.000537807 -0.0346734 0)
(-0.00686893 -0.0284318 0)
(-0.0218598 0.00312354 0)
(-0.0418988 0.0394873 0)
(-0.0673782 0.0758613 0)
(-0.0973896 0.111978 0)
(-0.129021 0.145239 0)
(-0.157673 0.171324 0)
(-0.179591 0.187304 0)
(-0.193765 0.193063 0)
(-0.201073 0.190439 0)
(-0.202803 0.181726 0)
(-0.2005 0.169114 0)
(-0.195811 0.15451 0)
(-0.190012 0.13926 0)
(-0.184067 0.124268 0)
(-0.178552 0.110033 0)
(-0.173724 0.0967263 0)
(-0.169678 0.0843438 0)
(-0.166347 0.0727547 0)
(-0.163651 0.0618072 0)
(-0.161479 0.0513308 0)
(-0.15976 0.0411705 0)
(-0.158432 0.0311719 0)
(-0.157474 0.0211874 0)
(-0.156882 0.0110704 0)
(-0.156691 0.000664631 0)
(-0.156941 -0.0102146 0)
(-0.157738 -0.021746 0)
(-0.1591 -0.0340953 0)
(-0.161127 -0.0474228 0)
(-0.163886 -0.0618526 0)
(-0.167493 -0.0774764 0)
(-0.172081 -0.0943595 0)
(-0.177825 -0.112544 0)
(-0.184904 -0.132065 0)
(-0.193417 -0.152927 0)
(-0.203212 -0.175027 0)
(-0.213634 -0.197943 0)
(-0.223253 -0.220537 0)
(-0.229534 -0.240334 0)
(-0.228493 -0.252634 0)
(-0.214595 -0.249747 0)
(-0.181817 -0.221265 0)
(-0.126429 -0.157943 0)
(-0.0537986 -0.0647081 0)
(-0.003458 0.00895625 0)
(-5.8893e-06 0.0321168 0)
(0.00146017 0.0364702 0)
(0.00114235 0.0311702 0)
(0.000404914 0.0140601 0)
(-0.00215163 -0.028984 0)
(-0.014764 -0.0142741 0)
(-0.034648 0.0236699 0)
(-0.0581968 0.0647573 0)
(-0.085924 0.104803 0)
(-0.115555 0.141953 0)
(-0.143449 0.172412 0)
(-0.165557 0.192596 0)
(-0.179986 0.20145 0)
(-0.187295 0.200521 0)
(-0.188905 0.192451 0)
(-0.186371 0.179763 0)
(-0.18144 0.164687 0)
(-0.175568 0.148888 0)
(-0.169697 0.133401 0)
(-0.164435 0.118811 0)
(-0.159987 0.105279 0)
(-0.156369 0.0927597 0)
(-0.153477 0.0811024 0)
(-0.15115 0.0701243 0)
(-0.149268 0.0596705 0)
(-0.147715 0.0495945 0)
(-0.14644 0.039779 0)
(-0.145406 0.0301046 0)
(-0.144619 0.020453 0)
(-0.144097 0.0106888 0)
(-0.143908 0.000666297 0)
(-0.144113 -0.00978413 0)
(-0.14481 -0.0208219 0)
(-0.146052 -0.0326199 0)
(-0.14792 -0.0453278 0)
(-0.150465 -0.059068 0)
(-0.153747 -0.0739041 0)
(-0.157828 -0.0898521 0)
(-0.162793 -0.106895 0)
(-0.168778 -0.125034 0)
(-0.175964 -0.144348 0)
(-0.184512 -0.165 0)
(-0.194346 -0.18711 0)
(-0.204785 -0.210405 0)
(-0.214171 -0.233588 0)
(-0.219603 -0.253544 0)
(-0.216742 -0.264482 0)
(-0.19985 -0.257157 0)
(-0.162793 -0.21889 0)
(-0.101104 -0.138449 0)
(-0.0206743 -0.0272383 0)
(0.00435187 0.0275275 0)
(0.00347185 0.0366159 0)
(0.00286909 0.0323157 0)
(0.000882722 0.015343 0)
(-0.00469211 -0.0183753 0)
(-0.0214851 0.00478182 0)
(-0.0449103 0.0474683 0)
(-0.0706878 0.0916961 0)
(-0.098729 0.133016 0)
(-0.125974 0.168373 0)
(-0.148813 0.193873 0)
(-0.164441 0.207281 0)
(-0.172664 0.20932 0)
(-0.174895 0.202746 0)
(-0.172781 0.190556 0)
(-0.168066 0.17532 0)
(-0.16241 0.159101 0)
(-0.156851 0.14319 0)
(-0.151971 0.128245 0)
(-0.148014 0.114478 0)
(-0.144901 0.101782 0)
(-0.142497 0.0899857 0)
(-0.140595 0.0788833 0)
(-0.139036 0.0683136 0)
(-0.137704 0.0581537 0)
(-0.136522 0.048303 0)
(-0.135468 0.0386823 0)
(-0.134539 0.0292065 0)
(-0.133765 0.0197855 0)
(-0.133188 0.0103023 0)
(-0.132889 0.000626196 0)
(-0.13294 -0.00939124 0)
(-0.133443 -0.0199232 0)
(-0.134473 -0.0311449 0)
(-0.136113 -0.0432235 0)
(-0.138418 -0.056301 0)
(-0.141432 -0.0704642 0)
(-0.145173 -0.0857318 0)
(-0.149648 -0.102053 0)
(-0.154877 -0.119342 0)
(-0.160927 -0.137555 0)
(-0.167956 -0.156789 0)
(-0.176178 -0.177351 0)
(-0.185646 -0.199631 0)
(-0.195744 -0.223577 0)
(-0.204608 -0.247691 0)
(-0.20878 -0.267794 0)
(-0.203213 -0.276121 0)
(-0.181781 -0.260772 0)
(-0.138257 -0.206166 0)
(-0.0673673 -0.101922 0)
(0.00638978 0.00949769 0)
(0.00426884 0.0372426 0)
(0.00390564 0.0341429 0)
(0.00140477 0.0176165 0)
(-0.00635718 -0.0038098 0)
(-0.0262478 0.0274998 0)
(-0.05193 0.0730864 0)
(-0.0783951 0.118562 0)
(-0.105225 0.158885 0)
(-0.128928 0.190427 0)
(-0.146526 0.209842 0)
(-0.156653 0.216449 0)
(-0.160303 0.21253 0)
(-0.159249 0.201554 0)
(-0.155245 0.186588 0)
(-0.150053 0.170094 0)
(-0.144963 0.153782 0)
(-0.140565 0.138471 0)
(-0.137121 0.124416 0)
(-0.13456 0.111513 0)
(-0.132656 0.0995167 0)
(-0.131209 0.0882173 0)
(-0.13001 0.0774316 0)
(-0.128946 0.0670538 0)
(-0.127937 0.057006 0)
(-0.126954 0.0472352 0)
(-0.126002 0.0376922 0)
(-0.125101 0.0283194 0)
(-0.124297 0.019046 0)
(-0.123639 0.00977446 0)
(-0.123203 0.000385477 0)
(-0.123079 -0.00925629 0)
(-0.123367 -0.0193232 0)
(-0.124141 -0.0299934 0)
(-0.12549 -0.0414454 0)
(-0.127475 -0.0538394 0)
(-0.130138 -0.06729 0)
(-0.133487 -0.0818468 0)
(-0.137508 -0.0974856 0)
(-0.142173 -0.114123 0)
(-0.147471 -0.131664 0)
(-0.153451 -0.150081 0)
(-0.160266 -0.169525 0)
(-0.168158 -0.190411 0)
(-0.177228 -0.213295 0)
(-0.186851 -0.238232 0)
(-0.194897 -0.263314 0)
(-0.197228 -0.282783 0)
(-0.187898 -0.285841 0)
(-0.160437 -0.256532 0)
(-0.107929 -0.175557 0)
(-0.0178464 -0.0355963 0)
(0.00901559 0.0355464 0)
(0.00274577 0.0363223 0)
(0.00202822 0.0203283 0)
(-0.00720686 0.0133262 0)
(-0.0287934 0.0518996 0)
(-0.0554501 0.0989768 0)
(-0.0813417 0.144038 0)
(-0.105905 0.181671 0)
(-0.12564 0.208184 0)
(-0.138571 0.221141 0)
(-0.144535 0.221489 0)
(-0.1452 0.212714 0)
(-0.142443 0.198582 0)
(-0.138033 0.182054 0)
(-0.13351 0.165321 0)
(-0.129673 0.149585 0)
(-0.12675 0.135169 0)
(-0.124735 0.121994 0)
(-0.12336 0.109765 0)
(-0.122376 0.0982116 0)
(-0.121585 0.0871545 0)
(-0.120836 0.076473 0)
(-0.120071 0.0661212 0)
(-0.119249 0.0560636 0)
(-0.118381 0.0462833 0)
(-0.117484 0.0367513 0)
(-0.116594 0.0274289 0)
(-0.115758 0.0182574 0)
(-0.115033 0.009155 0)
(-0.114484 1.10078e-05 0)
(-0.1142 -0.00931083 0)
(-0.114279 -0.0189651 0)
(-0.114804 -0.0291383 0)
(-0.115864 -0.0400211 0)
(-0.117529 -0.0517953 0)
(-0.119843 -0.0646033 0)
(-0.122811 -0.0785212 0)
(-0.126398 -0.0935414 0)
(-0.130541 -0.109579 0)
(-0.135181 -0.126513 0)
(-0.140307 -0.144264 0)
(-0.146016 -0.162901 0)
(-0.152538 -0.18274 0)
(-0.160178 -0.20438 0)
(-0.168991 -0.228477 0)
(-0.178095 -0.254878 0)
(-0.184822 -0.280651 0)
(-0.18418 -0.297522 0)
(-0.169238 -0.290283 0)
(-0.132879 -0.237265 0)
(-0.0669735 -0.119105 0)
(0.014217 0.0187659 0)
(0.000896702 0.0400903 0)
(0.0021546 0.0225021 0)
(-0.00740733 0.0315925 0)
(-0.0294365 0.0766793 0)
(-0.0557983 0.124012 0)
(-0.0800962 0.167398 0)
(-0.101801 0.201255 0)
(-0.117745 0.222149 0)
(-0.126945 0.228831 0)
(-0.130069 0.223788 0)
(-0.129106 0.211296 0)
(-0.125896 0.195132 0)
(-0.12209 0.178014 0)
(-0.118835 0.161708 0)
(-0.116468 0.146826 0)
(-0.114967 0.13328 0)
(-0.114134 0.120772 0)
(-0.113641 0.108942 0)
(-0.113285 0.0975771 0)
(-0.112913 0.0865555 0)
(-0.112446 0.0758302 0)
(-0.111868 0.0654013 0)
(-0.111172 0.0552656 0)
(-0.110389 0.0454266 0)
(-0.109542 0.0358668 0)
(-0.108674 0.026559 0)
(-0.107826 0.0174527 0)
(-0.107055 0.0084777 0)
(-0.106419 -0.000463791 0)
(-0.106 -0.00950018 0)
(-0.105884 -0.01878 0)
(-0.10616 -0.0284861 0)
(-0.106918 -0.0388187 0)
(-0.108241 -0.0499811 0)
(-0.110186 -0.0621526 0)
(-0.112775 -0.0754576 0)
(-0.115984 -0.0899353 0)
(-0.119736 -0.105525 0)
(-0.123926 -0.122082 0)
(-0.128459 -0.139434 0)
(-0.133324 -0.157501 0)
(-0.138683 -0.176453 0)
(-0.144908 -0.196856 0)
(-0.152425 -0.219635 0)
(-0.161184 -0.245558 0)
(-0.169738 -0.273784 0)
(-0.174455 -0.299153 0)
(-0.169213 -0.309166 0)
(-0.146606 -0.282717 0)
(-0.0987972 -0.192525 0)
(0.000499924 -0.0219761 0)
(0.00860625 0.0434994 0)
(-0.00127508 0.0250575 0)
(-0.00697113 0.0497048 0)
(-0.0283323 0.10075 0)
(-0.0534204 0.147475 0)
(-0.0754953 0.188354 0)
(-0.0942072 0.217827 0)
(-0.106874 0.233002 0)
(-0.11333 0.233975 0)
(-0.114745 0.224532 0)
(-0.113198 0.209375 0)
(-0.110397 0.192098 0)
(-0.107744 0.175067 0)
(-0.105926 0.159502 0)
(-0.104943 0.145459 0)
(-0.104619 0.132576 0)
(-0.104661 0.120455 0)
(-0.104776 0.108767 0)
(-0.104835 0.0973853 0)
(-0.104737 0.0862555 0)
(-0.104466 0.0753924 0)
(-0.104031 0.0648249 0)
(-0.10345 0.0545708 0)
(-0.102759 0.0446419 0)
(-0.101986 0.0350265 0)
(-0.101171 0.0257028 0)
(-0.100352 0.0166266 0)
(-0.0995789 0.00773625 0)
(-0.0989028 -0.00105659 0)
(-0.0983948 -0.00986706 0)
(-0.0981317 -0.0188379 0)
(-0.0981968 -0.0281448 0)
(-0.0986785 -0.0379883 0)
(-0.0996615 -0.0485819 0)
(-0.101215 -0.0601286 0)
(-0.103377 -0.0727916 0)
(-0.106147 -0.0866627 0)
(-0.109469 -0.101739 0)
(-0.113247 -0.117918 0)
(-0.117355 -0.135022 0)
(-0.121695 -0.15287 0)
(-0.126276 -0.171405 0)
(-0.131325 -0.190912 0)
(-0.137338 -0.212241 0)
(-0.144825 -0.236715 0)
(-0.153474 -0.265117 0)
(-0.160972 -0.295114 0)
(-0.162394 -0.317303 0)
(-0.150462 -0.311961 0)
(-0.116279 -0.24801 0)
(-0.0424949 -0.0939821 0)
(0.0155832 0.0424286 0)
(-0.0100827 0.0281715 0)
(-0.00605955 0.0667771 0)
(-0.0258641 0.123352 0)
(-0.0489614 0.168899 0)
(-0.068512 0.206788 0)
(-0.0843773 0.231684 0)
(-0.094393 0.241441 0)
(-0.0989791 0.23749 0)
(-0.0995551 0.224623 0)
(-0.0981462 0.207692 0)
(-0.0962445 0.18998 0)
(-0.0949169 0.173422 0)
(-0.0944385 0.15864 0)
(-0.0946047 0.145255 0)
(-0.0951678 0.132772 0)
(-0.0958178 0.120776 0)
(-0.0963485 0.109031 0)
(-0.0966926 0.0974914 0)
(-0.0967998 0.0861665 0)
(-0.0966952 0.0751141 0)
(-0.0963987 0.0643777 0)
(-0.0959444 0.0539867 0)
(-0.0953668 0.0439531 0)
(-0.0946952 0.0342676 0)
(-0.0939653 0.0249098 0)
(-0.0932099 0.0158401 0)
(-0.0924716 0.00700358 0)
(-0.0917959 -0.00167932 0)
(-0.0912426 -0.0103143 0)
(-0.0908784 -0.0190351 0)
(-0.0907802 -0.0280097 0)
(-0.091031 -0.0374368 0)
(-0.0917161 -0.0475357 0)
(-0.0929115 -0.0585282 0)
(-0.0946713 -0.0706088 0)
(-0.0970118 -0.0839107 0)
(-0.0999001 -0.0984746 0)
(-0.103252 -0.114235 0)
(-0.106948 -0.131035 0)
(-0.110864 -0.148674 0)
(-0.114936 -0.167004 0)
(-0.119253 -0.186085 0)
(-0.124155 -0.206435 0)
(-0.13023 -0.229276 0)
(-0.137881 -0.256264 0)
(-0.146148 -0.28767 0)
(-0.151478 -0.318129 0)
(-0.147237 -0.331279 0)
(-0.125045 -0.29689 0)
(-0.0767329 -0.178285 0)
(0.0164631 0.0206136 0)
(-0.00902687 0.0297077 0)
(-0.00482154 0.0819589 0)
(-0.0224403 0.143864 0)
(-0.0430816 0.18799 0)
(-0.060034 0.22273 0)
(-0.0733405 0.243205 0)
(-0.0813018 0.248107 0)
(-0.0847164 0.240088 0)
(-0.0850667 0.224673 0)
(-0.0842234 0.206668 0)
(-0.0834078 0.188972 0)
(-0.0833322 0.173033 0)
(-0.0839678 0.158911 0)
(-0.085014 0.145951 0)
(-0.0862079 0.133617 0)
(-0.0872791 0.121546 0)
(-0.0881098 0.109605 0)
(-0.0886768 0.0978241 0)
(-0.0889677 0.0862582 0)
(-0.0890285 0.074991 0)
(-0.0888841 0.064072 0)
(-0.0885763 0.0535339 0)
(-0.0881352 0.043385 0)
(-0.0875911 0.0336162 0)
(-0.0869735 0.0242066 0)
(-0.0863116 0.0151199 0)
(-0.0856407 0.00630651 0)
(-0.0850002 -0.00230527 0)
(-0.08444 -0.0108115 0)
(-0.0840169 -0.0193371 0)
(-0.0837982 -0.0280401 0)
(-0.0838594 -0.0371122 0)
(-0.0842815 -0.0467723 0)
(-0.0851439 -0.0572529 0)
(-0.086513 -0.0687749 0)
(-0.0884273 -0.0815145 0)
(-0.0908824 -0.095567 0)
(-0.0938209 -0.110919 0)
(-0.0971335 -0.127444 0)
(-0.100679 -0.144924 0)
(-0.104337 -0.163132 0)
(-0.108091 -0.181968 0)
(-0.112152 -0.20171 0)
(-0.117037 -0.223335 0)
(-0.123411 -0.248651 0)
(-0.131249 -0.279319 0)
(-0.138382 -0.313328 0)
(-0.139433 -0.338645 0)
(-0.127159 -0.327788 0)
(-0.0919728 -0.236894 0)
(0.00363739 -0.0163155 0)
(0.0112223 0.0358208 0)
(-0.00338822 0.0946549 0)
(-0.0184217 0.161824 0)
(-0.0363512 0.204582 0)
(-0.0507665 0.236291 0)
(-0.0618366 0.252754 0)
(-0.0682602 0.253508 0)
(-0.0710183 0.242266 0)
(-0.071523 0.225042 0)
(-0.0714349 0.206471 0)
(-0.0716823 0.189047 0)
(-0.0726609 0.173711 0)
(-0.0741536 0.160062 0)
(-0.0758385 0.147301 0)
(-0.0774737 0.134922 0)
(-0.0788505 0.122641 0)
(-0.0799222 0.110425 0)
(-0.0806899 0.0983567 0)
(-0.0811667 0.0865275 0)
(-0.0814047 0.0750329 0)
(-0.0814309 0.0639235 0)
(-0.081289 0.0532304 0)
(-0.0810056 0.0429571 0)
(-0.0806104 0.0330927 0)
(-0.0801281 0.023615 0)
(-0.0795848 0.01449 0)
(-0.0790096 0.00567173 0)
(-0.0784365 -0.00290486 0)
(-0.0779068 -0.0113286 0)
(-0.0774684 -0.0197156 0)
(-0.077179 -0.0282148 0)
(-0.077105 -0.0370091 0)
(-0.0773207 -0.0463124 0)
(-0.0779028 -0.0563593 0)
(-0.0789225 -0.0673837 0)
(-0.080433 -0.0795894 0)
(-0.0824543 -0.0931142 0)
(-0.0849615 -0.107999 0)
(-0.0878793 -0.124173 0)
(-0.0910884 -0.141457 0)
(-0.0944509 -0.159605 0)
(-0.0978685 -0.178386 0)
(-0.101391 -0.197793 0)
(-0.105361 -0.218444 0)
(-0.110474 -0.242079 0)
(-0.117323 -0.271393 0)
(-0.125049 -0.307362 0)
(-0.129611 -0.342562 0)
(-0.123952 -0.352433 0)
(-0.0966161 -0.289084 0)
(-0.0264232 -0.0900497 0)
(0.0339133 0.0438728 0)
(-0.00186675 0.104532 0)
(-0.0140843 0.176999 0)
(-0.0291873 0.218678 0)
(-0.0412018 0.247671 0)
(-0.0503544 0.260688 0)
(-0.0556403 0.258056 0)
(-0.0580843 0.244349 0)
(-0.0589477 0.225902 0)
(-0.0596365 0.207113 0)
(-0.0608019 0.190069 0)
(-0.0625986 0.175232 0)
(-0.0647151 0.161866 0)
(-0.0668485 0.149127 0)
(-0.0687977 0.136568 0)
(-0.0704166 0.123997 0)
(-0.0717035 0.111462 0)
(-0.0726698 0.0990865 0)
(-0.0733426 0.0869843 0)
(-0.0737712 0.0752556 0)
(-0.0739837 0.0639502 0)
(-0.0740224 0.0530959 0)
(-0.0739118 0.0426904 0)
(-0.0736805 0.0327203 0)
(-0.07335 0.0231612 0)
(-0.0729435 0.0139803 0)
(-0.0724848 0.00513458 0)
(-0.0720036 -0.00343566 0)
(-0.0715335 -0.0118132 0)
(-0.0711138 -0.0201062 0)
(-0.0707936 -0.0284546 0)
(-0.0706301 -0.0370324 0)
(-0.0706897 -0.0460466 0)
(-0.0710446 -0.0557302 0)
(-0.0717671 -0.0663253 0)
(-0.0729196 -0.0780563 0)
(-0.0745403 -0.091095 0)
(-0.0766293 -0.105525 0)
(-0.0791388 -0.121319 0)
(-0.0819748 -0.138336 0)
(-0.0850131 -0.15635 0)
(-0.088137 -0.175107 0)
(-0.0913132 -0.194445 0)
(-0.0947139 -0.214591 0)
(-0.098879 -0.236745 0)
(-0.10464 -0.263638 0)
(-0.112228 -0.298305 0)
(-0.118782 -0.338165 0)
(-0.117464 -0.364035 0)
(-0.0954576 -0.331502 0)
(-0.0501065 -0.177733 0)
(0.0407563 0.0455681 0)
(-0.000337698 0.111419 0)
(-0.00963211 0.189252 0)
(-0.0218856 0.230319 0)
(-0.0316613 0.257055 0)
(-0.0391592 0.267276 0)
(-0.0436066 0.262003 0)
(-0.0459505 0.246504 0)
(-0.0472369 0.227287 0)
(-0.048619 0.208493 0)
(-0.0505108 0.191835 0)
(-0.0529013 0.177365 0)
(-0.0554481 0.164125 0)
(-0.0578906 0.151285 0)
(-0.0600735 0.138472 0)
(-0.0619011 0.125574 0)
(-0.0633929 0.112707 0)
(-0.0645616 0.100019 0)
(-0.0654396 0.0876398 0)
(-0.0660693 0.0756722 0)
(-0.0664784 0.0641649 0)
(-0.0667068 0.0531418 0)
(-0.0667782 0.0425959 0)
(-0.0667207 0.03251 0)
(-0.0665539 0.0228569 0)
(-0.0662986 0.0136042 0)
(-0.0659741 0.00470986 0)
(-0.0656068 -0.00388249 0)
(-0.0652233 -0.0122491 0)
(-0.0648553 -0.0204914 0)
(-0.0645429 -0.0287412 0)
(-0.0643348 -0.0371631 0)
(-0.064289 -0.0459552 0)
(-0.0644707 -0.0553442 0)
(-0.06495 -0.0655727 0)
(-0.0657938 -0.0768767 0)
(-0.0670547 -0.0894542 0)
(-0.068757 -0.10343 0)
(-0.0708839 -0.118825 0)
(-0.0733711 -0.135544 0)
(-0.0761122 -0.153382 0)
(-0.0789789 -0.172062 0)
(-0.0818816 -0.191332 0)
(-0.0848752 -0.211198 0)
(-0.0883509 -0.232481 0)
(-0.093148 -0.257676 0)
(-0.100253 -0.290848 0)
(-0.108102 -0.333045 0)
(-0.11137 -0.370299 0)
(-0.0977249 -0.361955 0)
(-0.0660778 -0.239866 0)
(0.0289637 0.037687 0)
(0.00115754 0.115284 0)
(-0.00518259 0.198598 0)
(-0.0146157 0.239634 0)
(-0.0223114 0.26465 0)
(-0.0283801 0.272751 0)
(-0.0321833 0.265553 0)
(-0.0345254 0.248818 0)
(-0.0362226 0.229155 0)
(-0.0381696 0.210475 0)
(-0.0405882 0.194159 0)
(-0.0433769 0.179932 0)
(-0.0462045 0.166707 0)
(-0.0488567 0.153698 0)
(-0.0512225 0.140594 0)
(-0.0532386 0.127361 0)
(-0.0549293 0.11416 0)
(-0.0563038 0.10116 0)
(-0.0573922 0.0885023 0)
(-0.0582283 0.0762907 0)
(-0.0588385 0.064575 0)
(-0.0592599 0.0533756 0)
(-0.0595166 0.0426816 0)
(-0.0596367 0.0324717 0)
(-0.0596395 0.0227156 0)
(-0.0595444 0.0133789 0)
(-0.0593679 0.00441986 0)
(-0.0591319 -0.00421549 0)
(-0.0588567 -0.0125991 0)
(-0.0585681 -0.0208265 0)
(-0.0582982 -0.0290218 0)
(-0.0580871 -0.0373411 0)
(-0.0579847 -0.0459733 0)
(-0.0580489 -0.0551374 0)
(-0.0583449 -0.0650726 0)
(-0.0589394 -0.0760191 0)
(-0.0598923 -0.08819 0)
(-0.0612436 -0.101738 0)
(-0.0630008 -0.116725 0)
(-0.0651304 -0.133102 0)
(-0.0675589 -0.150714 0)
(-0.0701772 -0.169313 0)
(-0.0728763 -0.188594 0)
(-0.0756131 -0.208323 0)
(-0.078597 -0.228774 0)
(-0.0824647 -0.251757 0)
(-0.0886355 -0.281612 0)
(-0.0967857 -0.322921 0)
(-0.104362 -0.368602 0)
(-0.0994056 -0.382344 0)
(-0.0772272 -0.284573 0)
(0.0048962 0.0128975 0)
(0.00260004 0.11609 0)
(-0.000814045 0.204996 0)
(-0.00748674 0.2467 0)
(-0.0132426 0.270597 0)
(-0.0180232 0.277246 0)
(-0.0213014 0.268769 0)
(-0.0236914 0.251278 0)
(-0.0257302 0.23141 0)
(-0.0280888 0.212892 0)
(-0.0308574 0.196847 0)
(-0.0338892 0.182764 0)
(-0.0368791 0.169488 0)
(-0.0396675 0.156278 0)
(-0.0421797 0.142885 0)
(-0.0443675 0.129332 0)
(-0.0462489 0.115813 0)
(-0.0478264 0.10251 0)
(-0.0491241 0.0895744 0)
(-0.0501663 0.077114 0)
(-0.0509771 0.0651824 0)
(-0.05159 0.0537985 0)
(-0.0520307 0.0429489 0)
(-0.0523276 0.0326079 0)
(-0.0525013 0.0227413 0)
(-0.0525706 0.0133115 0)
(-0.0525498 0.00427557 0)
(-0.052458 -0.00441973 0)
(-0.0523102 -0.0128436 0)
(-0.0521258 -0.0210862 0)
(-0.0519292 -0.0292647 0)
(-0.051753 -0.0375264 0)
(-0.0516387 -0.0460506 0)
(-0.0516373 -0.0550472 0)
(-0.0518079 -0.0647487 0)
(-0.0522155 -0.0753949 0)
(-0.0529241 -0.0872085 0)
(-0.053986 -0.100364 0)
(-0.0554277 -0.114955 0)
(-0.057239 -0.130971 0)
(-0.0593725 -0.148294 0)
(-0.0617365 -0.166709 0)
(-0.0642253 -0.185934 0)
(-0.0667493 -0.205698 0)
(-0.0694046 -0.226017 0)
(-0.0725584 -0.24807 0)
(-0.0778 -0.275598 0)
(-0.0854734 -0.314611 0)
(-0.0956 -0.36365 0)
(-0.0966001 -0.393071 0)
(-0.0824513 -0.320564 0)
(-0.0290268 -0.0333664 0)
(0.00402365 0.114054 0)
(0.0034585 0.208569 0)
(-0.000548402 0.251653 0)
(-0.00446315 0.27504 0)
(-0.00806346 0.280879 0)
(-0.010864 0.271732 0)
(-0.0132787 0.253862 0)
(-0.0155772 0.233952 0)
(-0.0182164 0.215612 0)
(-0.0211821 0.19977 0)
(-0.0243225 0.185759 0)
(-0.0273868 0.172405 0)
(-0.0302561 0.159001 0)
(-0.0328808 0.14534 0)
(-0.0352181 0.13149 0)
(-0.0372764 0.117668 0)
(-0.0390486 0.104068 0)
(-0.0405496 0.090854 0)
(-0.0417937 0.07814 0)
(-0.0428003 0.0659846 0)
(-0.0436 0.0544077 0)
(-0.0442195 0.0433951 0)
(-0.0446885 0.0329172 0)
(-0.0450297 0.0229352 0)
(-0.0452626 0.0134073 0)
(-0.045401 0.00428717 0)
(-0.0454617 -0.00448008 0)
(-0.0454546 -0.012961 0)
(-0.0453948 -0.0212427 0)
(-0.0452995 -0.0294359 0)
(-0.0451938 -0.0376797 0)
(-0.0451116 -0.0461442 0)
(-0.0450961 -0.0550291 0)
(-0.0452 -0.0645583 0)
(-0.0454841 -0.0749667 0)
(-0.0460127 -0.0864797 0)
(-0.0468452 -0.0992859 0)
(-0.048023 -0.113507 0)
(-0.0495577 -0.129172 0)
(-0.0514312 -0.146208 0)
(-0.0535734 -0.164439 0)
(-0.055886 -0.183579 0)
(-0.0582329 -0.203264 0)
(-0.060631 -0.223221 0)
(-0.0631673 -0.244075 0)
(-0.0674816 -0.269025 0)
(-0.0739841 -0.305205 0)
(-0.0844386 -0.356082 0)
(-0.0865128 -0.399663 0)
(-0.0756641 -0.358204 0)
(-0.0361182 -0.103702 0)
(0.00538364 0.109286 0)
(0.00760874 0.209263 0)
(0.00616766 0.254511 0)
(0.0040112 0.27804 0)
(0.00158094 0.283688 0)
(-0.000739852 0.274376 0)
(-0.00316397 0.256482 0)
(-0.00562119 0.236671 0)
(-0.00840967 0.218496 0)
(-0.0114538 0.202782 0)
(-0.0146109 0.188801 0)
(-0.0176724 0.175361 0)
(-0.0205684 0.161781 0)
(-0.0232694 0.14789 0)
(-0.0257296 0.133786 0)
(-0.027942 0.119693 0)
(-0.0298914 0.105817 0)
(-0.031582 0.0923321 0)
(-0.0330178 0.0793619 0)
(-0.0342122 0.0669755 0)
(-0.0351914 0.0551973 0)
(-0.0359827 0.0440143 0)
(-0.0366167 0.033394 0)
(-0.0371189 0.0232931 0)
(-0.0375105 0.0136643 0)
(-0.0378061 0.00445631 0)
(-0.0380218 -0.00438855 0)
(-0.0381635 -0.0129368 0)
(-0.0382432 -0.0212731 0)
(-0.0382721 -0.0295034 0)
(-0.0382681 -0.0377591 0)
(-0.0382579 -0.0462006 0)
(-0.0382774 -0.0550171 0)
(-0.0383726 -0.0644225 0)
(-0.0385993 -0.0746439 0)
(-0.0390203 -0.085905 0)
(-0.0396982 -0.0984017 0)
(-0.0406842 -0.112273 0)
(-0.0420032 -0.127578 0)
(-0.0436597 -0.14428 0)
(-0.0456 -0.162256 0)
(-0.047747 -0.181284 0)
(-0.0499478 -0.201052 0)
(-0.0522167 -0.221209 0)
(-0.0543738 -0.241925 0)
(-0.0580934 -0.2654 0)
(-0.0633344 -0.298527 0)
(-0.0734571 -0.348136 0)
(-0.0760435 -0.400035 0)
(-0.0681075 -0.38281 0)
(-0.0282638 -0.158858 0)
(0.00659322 0.101907 0)
(0.0115877 0.207059 0)
(0.0126827 0.255271 0)
(0.012238 0.279651 0)
(0.010935 0.285737 0)
(0.00914681 0.276712 0)
(0.00682717 0.25909 0)
(0.00429537 0.239481 0)
(0.00143032 0.221464 0)
(-0.00160405 0.205825 0)
(-0.00468281 0.191839 0)
(-0.00768386 0.178325 0)
(-0.0105587 0.164617 0)
(-0.0132892 0.150547 0)
(-0.0158312 0.136225 0)
(-0.0181677 0.121886 0)
(-0.02027 0.10775 0)
(-0.0221318 0.0940002 0)
(-0.0237457 0.0807734 0)
(-0.025117 0.0681496 0)
(-0.0262675 0.0561616 0)
(-0.027223 0.0448001 0)
(-0.0280144 0.0340315 0)
(-0.0286697 0.0238082 0)
(-0.029213 0.0140772 0)
(-0.0296606 0.00478109 0)
(-0.0300293 -0.00414251 0)
(-0.0303228 -0.0127619 0)
(-0.0305517 -0.0211618 0)
(-0.0307225 -0.029444 0)
(-0.0308473 -0.0377337 0)
(-0.0309458 -0.046182 0)
(-0.031047 -0.0549674 0)
(-0.0311899 -0.0642926 0)
(-0.0314243 -0.0743753 0)
(-0.0318099 -0.0854343 0)
(-0.0324102 -0.0976693 0)
(-0.0332838 -0.111235 0)
(-0.034466 -0.126218 0)
(-0.0359825 -0.14262 0)
(-0.0377873 -0.160348 0)
(-0.0398226 -0.179199 0)
(-0.0419089 -0.198851 0)
(-0.0440997 -0.218867 0)
(-0.0459382 -0.239146 0)
(-0.0491706 -0.261232 0)
(-0.0529207 -0.291771 0)
(-0.0618104 -0.340518 0)
(-0.0636288 -0.401252 0)
(-0.0594936 -0.407251 0)
(-0.0246992 -0.205192 0)
(0.00754981 0.092091 0)
(0.0153032 0.201951 0)
(0.0189629 0.253881 0)
(0.0202316 0.279821 0)
(0.0200537 0.286948 0)
(0.0188655 0.278728 0)
(0.0167704 0.261649 0)
(0.0142599 0.242309 0)
(0.0114022 0.224405 0)
(0.00843065 0.208804 0)
(0.00547178 0.194783 0)
(0.00259303 0.181199 0)
(-0.000197336 0.167393 0)
(-0.00290825 0.153199 0)
(-0.00548713 0.138717 0)
(-0.00790192 0.124183 0)
(-0.0101196 0.109821 0)
(-0.0121227 0.0958236 0)
(-0.013893 0.0823475 0)
(-0.0154275 0.0694881 0)
(-0.0167393 0.0572872 0)
(-0.0178511 0.0457421 0)
(-0.0187925 0.0348205 0)
(-0.0195936 0.0244724 0)
(-0.0202812 0.0146388 0)
(-0.020874 0.00525613 0)
(-0.0213906 -0.00374338 0)
(-0.0218351 -0.0124322 0)
(-0.022218 -0.0208963 0)
(-0.0225431 -0.0292358 0)
(-0.0228181 -0.0375703 0)
(-0.023057 -0.0460428 0)
(-0.0232823 -0.0548213 0)
(-0.0235268 -0.0640968 0)
(-0.0238336 -0.0740755 0)
(-0.0242576 -0.0849672 0)
(-0.0248604 -0.0969702 0)
(-0.0257049 -0.110247 0)
(-0.0268291 -0.124905 0)
(-0.0282764 -0.140978 0)
(-0.0300027 -0.158427 0)
(-0.0319837 -0.177117 0)
(-0.034023 -0.196811 0)
(-0.0362702 -0.217087 0)
(-0.0379816 -0.23761 0)
(-0.041092 -0.259082 0)
(-0.0437965 -0.287185 0)
(-0.0520126 -0.3332 0)
(-0.0534513 -0.398382 0)
(-0.0523044 -0.423802 0)
(-0.0198701 -0.246101 0)
(0.00812115 0.0801344 0)
(0.0186121 0.193937 0)
(0.0249264 0.250286 0)
(0.0279924 0.278501 0)
(0.0290013 0.287257 0)
(0.028498 0.280347 0)
(0.0267254 0.2641 0)
(0.0243244 0.245118 0)
(0.0215481 0.227289 0)
(0.0186887 0.211663 0)
(0.0158827 0.197593 0)
(0.013169 0.183976 0)
(0.0105259 0.170123 0)
(0.00790855 0.155857 0)
(0.00535485 0.141266 0)
(0.00291473 0.126578 0)
(0.000622539 0.112024 0)
(-0.00148876 0.097809 0)
(-0.00338693 0.0840972 0)
(-0.00506415 0.0710026 0)
(-0.00652432 0.0585825 0)
(-0.00778381 0.0468449 0)
(-0.00886939 0.0357625 0)
(-0.0098114 0.0252843 0)
(-0.0106387 0.0153458 0)
(-0.0113716 0.00587661 0)
(-0.0120315 -0.00319496 0)
(-0.0126252 -0.0119469 0)
(-0.0131645 -0.02047 0)
(-0.0136524 -0.0288641 0)
(-0.0140944 -0.0372454 0)
(-0.0145003 -0.0457501 0)
(-0.014888 -0.0545364 0)
(-0.015284 -0.0637836 0)
(-0.0157242 -0.073686 0)
(-0.0162587 -0.0844443 0)
(-0.0169459 -0.0962547 0)
(-0.0178527 -0.109285 0)
(-0.0190153 -0.123663 0)
(-0.0204918 -0.139448 0)
(-0.0222309 -0.156627 0)
(-0.0242439 -0.175095 0)
(-0.0262961 -0.194635 0)
(-0.028662 -0.214827 0)
(-0.0302744 -0.235256 0)
(-0.0333504 -0.25617 0)
(-0.0350295 -0.282589 0)
(-0.0425269 -0.326979 0)
(-0.0435121 -0.397176 0)
(-0.0459393 -0.439466 0)
(-0.0168738 -0.280501 0)
(0.0081122 0.0665015 0)
(0.0213139 0.18301 0)
(0.0304096 0.244359 0)
(0.0354333 0.275563 0)
(0.0377712 0.286539 0)
(0.0380809 0.281434 0)
(0.0367362 0.266346 0)
(0.0345242 0.247851 0)
(0.0318825 0.230081 0)
(0.0291709 0.214352 0)
(0.0265492 0.200185 0)
(0.0240391 0.186534 0)
(0.0215913 0.172679 0)
(0.0191337 0.158392 0)
(0.0166817 0.143749 0)
(0.0142827 0.128961 0)
(0.0119837 0.114258 0)
(0.00981959 0.0998632 0)
(0.00782772 0.0859461 0)
(0.00603467 0.0726366 0)
(0.00444475 0.0600083 0)
(0.00304887 0.0480827 0)
(0.00182533 0.0368401 0)
(0.000745066 0.0262319 0)
(-0.000221775 0.0161918 0)
(-0.00109386 0.00664449 0)
(-0.00189398 -0.00249226 0)
(-0.00263665 -0.0113011 0)
(-0.00333552 -0.0198751 0)
(-0.0039937 -0.0283158 0)
(-0.00461633 -0.0367377 0)
(-0.00521191 -0.0452715 0)
(-0.00579464 -0.054067 0)
(-0.00638646 -0.0632922 0)
(-0.00701605 -0.0731299 0)
(-0.00772907 -0.0837705 0)
(-0.0085763 -0.0954049 0)
(-0.00962875 -0.108198 0)
(-0.0109143 -0.122292 0)
(-0.0125033 -0.137772 0)
(-0.014333 -0.154668 0)
(-0.0164695 -0.172941 0)
(-0.0186322 -0.192454 0)
(-0.0212641 -0.212833 0)
(-0.0229496 -0.233567 0)
(-0.0263482 -0.254364 0)
(-0.0275476 -0.279251 0)
(-0.0350761 -0.320779 0)
(-0.0359049 -0.392837 0)
(-0.0410113 -0.449757 0)
(-0.013722 -0.311425 0)
(0.00724258 0.0518992 0)
(0.0231358 0.169177 0)
(0.0352255 0.23595 0)
(0.0424513 0.270876 0)
(0.0463179 0.284656 0)
(0.0476097 0.281843 0)
(0.0468206 0.268272 0)
(0.0448773 0.25044 0)
(0.042409 0.23275 0)
(0.0398688 0.216871 0)
(0.0374584 0.202567 0)
(0.0351916 0.188882 0)
(0.0329906 0.175063 0)
(0.0307578 0.160817 0)
(0.0284837 0.146181 0)
(0.0262021 0.131348 0)
(0.0239654 0.116546 0)
(0.0218132 0.102001 0)
(0.0197839 0.0879024 0)
(0.0179141 0.0743941 0)
(0.0162204 0.0615664 0)
(0.0147033 0.0494559 0)
(0.0133487 0.0380531 0)
(0.0121336 0.0273135 0)
(0.0110306 0.0171713 0)
(0.0100158 0.00754799 0)
(0.00906672 -0.0016472 0)
(0.00816815 -0.0105028 0)
(0.00730399 -0.0191151 0)
(0.0064669 -0.0275879 0)
(0.00565031 -0.0360355 0)
(0.00484527 -0.0445855 0)
(0.00403934 -0.0533806 0)
(0.00321285 -0.062579 0)
(0.00234292 -0.072354 0)
(0.00138589 -0.0828879 0)
(0.000304976 -0.0943649 0)
(-0.000976718 -0.106953 0)
(-0.00247647 -0.120798 0)
(-0.00427614 -0.13601 0)
(-0.00629127 -0.152638 0)
(-0.00864944 -0.170669 0)
(-0.011 -0.189984 0)
(-0.013973 -0.210247 0)
(-0.015754 -0.230929 0)
(-0.0195746 -0.251559 0)
(-0.0203168 -0.275528 0)
(-0.0279955 -0.31527 0)
(-0.028773 -0.38975 0)
(-0.0369589 -0.459087 0)
(-0.0115878 -0.33807 0)
(0.00526667 0.0374497 0)
(0.0237589 0.152468 0)
(0.0391151 0.224791 0)
(0.0488467 0.264168 0)
(0.0545128 0.281381 0)
(0.0570149 0.281381 0)
(0.0569552 0.269736 0)
(0.0553835 0.25281 0)
(0.0531283 0.23527 0)
(0.0507667 0.219198 0)
(0.0485688 0.204678 0)
(0.0465625 0.190902 0)
(0.0446496 0.177107 0)
(0.0427053 0.162935 0)
(0.040688 0.148363 0)
(0.0386111 0.133553 0)
(0.0365201 0.118725 0)
(0.0344569 0.104099 0)
(0.0324604 0.0898769 0)
(0.0305711 0.0762156 0)
(0.0288157 0.0632221 0)
(0.0272054 0.050949 0)
(0.0257363 0.0393995 0)
(0.024393 0.0285371 0)
(0.0231528 0.0182976 0)
(0.0219913 0.00860028 0)
(0.020888 -0.000645586 0)
(0.0198244 -0.00953852 0)
(0.0187829 -0.018176 0)
(0.0177536 -0.0266648 0)
(0.016727 -0.0351203 0)
(0.0156919 -0.0436679 0)
(0.0146369 -0.0524454 0)
(0.0135416 -0.0616031 0)
(0.0123878 -0.071305 0)
(0.011133 -0.081724 0)
(0.00975153 -0.0930365 0)
(0.00816909 -0.105414 0)
(0.00638526 -0.119003 0)
(0.00429462 -0.133932 0)
(0.00201598 -0.150285 0)
(-0.000654526 -0.168097 0)
(-0.00329867 -0.187297 0)
(-0.00674676 -0.207629 0)
(-0.00879302 -0.228446 0)
(-0.0134043 -0.249166 0)
(-0.0141035 -0.272212 0)
(-0.0225059 -0.309353 0)
(-0.0233086 -0.38413 0)
(-0.0339286 -0.464641 0)
(-0.00949325 -0.36251 0)
(0.00239255 0.0245674 0)
(0.0228954 0.133031 0)
(0.0418863 0.210658 0)
(0.0544418 0.255182 0)
(0.0621979 0.276463 0)
(0.0661814 0.279823 0)
(0.0670727 0.270573 0)
(0.0660105 0.254876 0)
(0.0640239 0.237629 0)
(0.061849 0.221373 0)
(0.0598569 0.206589 0)
(0.0581162 0.192679 0)
(0.0565214 0.178895 0)
(0.0549211 0.164815 0)
(0.0532355 0.150348 0)
(0.0514498 0.135612 0)
(0.0495927 0.120809 0)
(0.0477026 0.106157 0)
(0.0458174 0.0918606 0)
(0.0439775 0.0780888 0)
(0.0422163 0.0649631 0)
(0.0405545 0.052552 0)
(0.0389987 0.0408726 0)
(0.0375426 0.0298985 0)
(0.0361708 0.0195706 0)
(0.0348621 0.0098087 0)
(0.0335962 0.000522775 0)
(0.0323537 -0.00839587 0)
(0.0311217 -0.017044 0)
(0.029883 -0.025531 0)
(0.0286268 -0.0339738 0)
(0.0273391 -0.0424965 0)
(0.0260086 -0.051234 0)
(0.0246124 -0.0603308 0)
(0.0231371 -0.0699442 0)
(0.0215383 -0.0802397 0)
(0.0198039 -0.0913874 0)
(0.0178522 -0.103556 0)
(0.0157087 -0.116904 0)
(0.0132415 -0.131572 0)
(0.0106124 -0.147661 0)
(0.00754337 -0.165224 0)
(0.00451851 -0.184188 0)
(0.000565664 -0.204332 0)
(-0.00181667 -0.224911 0)
(-0.00733045 -0.245651 0)
(-0.00793221 -0.268018 0)
(-0.017224 -0.303505 0)
(-0.0180476 -0.379198 0)
(-0.0314803 -0.469383 0)
(-0.00800003 -0.384199 0)
(-0.000523712 0.0141762 0)
(0.0204525 0.111017 0)
(0.0433062 0.193244 0)
(0.0589653 0.243516 0)
(0.0691409 0.26956 0)
(0.0749293 0.276886 0)
(0.0770512 0.270571 0)
(0.0766914 0.256515 0)
(0.0750611 0.23978 0)
(0.0730813 0.22337 0)
(0.0712641 0.208236 0)
(0.0697611 0.194074 0)
(0.0684853 0.180221 0)
(0.0672658 0.166208 0)
(0.0659808 0.151868 0)
(0.0645761 0.137261 0)
(0.0630525 0.122558 0)
(0.0614353 0.107964 0)
(0.0597565 0.0936773 0)
(0.0580531 0.0798736 0)
(0.0563605 0.0666842 0)
(0.0547069 0.0541908 0)
(0.0531086 0.0424247 0)
(0.0515696 0.0313712 0)
(0.0500829 0.0209795 0)
(0.0486349 0.0111726 0)
(0.0472042 0.00185976 0)
(0.0457742 -0.00706298 0)
(0.0443377 -0.0157015 0)
(0.0428726 -0.0241658 0)
(0.0413666 -0.0325729 0)
(0.039803 -0.0410459 0)
(0.0381716 -0.049717 0)
(0.036445 -0.0587267 0)
(0.0346162 -0.0682264 0)
(0.0326337 -0.0783752 0)
(0.0305035 -0.0893388 0)
(0.0281313 -0.101285 0)
(0.0255744 -0.114374 0)
(0.0226646 -0.128758 0)
(0.0196164 -0.144558 0)
(0.0160546 -0.16186 0)
(0.0125502 -0.180633 0)
(0.00803957 -0.200669 0)
(0.00507129 -0.2212 0)
(-0.00160847 -0.242059 0)
(-0.00238459 -0.263564 0)
(-0.013106 -0.296953 0)
(-0.0138493 -0.372079 0)
(-0.0296887 -0.471392 0)
(-0.00651441 -0.40449 0)
(-0.00238477 0.00648571 0)
(0.0166106 0.0870005 0)
(0.0433202 0.172515 0)
(0.0621823 0.228868 0)
(0.0750707 0.26031 0)
(0.0830213 0.272238 0)
(0.0867011 0.269462 0)
(0.0872957 0.25756 0)
(0.086167 0.24168 0)
(0.0844338 0.225263 0)
(0.0827811 0.20978 0)
(0.0814836 0.195295 0)
(0.0805069 0.181296 0)
(0.0796775 0.1673 0)
(0.0788361 0.153074 0)
(0.0778837 0.138614 0)
(0.0767832 0.124049 0)
(0.0755363 0.109562 0)
(0.0741626 0.0953445 0)
(0.072691 0.0815696 0)
(0.0711543 0.0683746 0)
(0.069584 0.0558513 0)
(0.0680039 0.0440428 0)
(0.0664276 0.0329463 0)
(0.0648575 0.0225204 0)
(0.0632876 0.0126944 0)
(0.0617037 0.00337739 0)
(0.0600917 -0.00552728 0)
(0.0584423 -0.0141329 0)
(0.0567372 -0.0225506 0)
(0.0549651 -0.0308964 0)
(0.0531051 -0.0392925 0)
(0.0511506 -0.0478688 0)
(0.0490673 -0.0567629 0)
(0.0468576 -0.0661217 0)
(0.044459 -0.0761006 0)
(0.041898 -0.0868611 0)
(0.039059 -0.0985719 0)
(0.0360382 -0.111396 0)
(0.0326195 -0.125497 0)
(0.0290803 -0.141003 0)
(0.0249377 -0.158012 0)
(0.0209124 -0.176478 0)
(0.0157554 -0.196164 0)
(0.0120641 -0.216422 0)
(0.00430658 -0.23711 0)
(0.00333869 -0.257897 0)
(-0.00907527 -0.28995 0)
(-0.00961936 -0.364991 0)
(-0.0282459 -0.472603 0)
(-0.00531332 -0.422978 0)
(-0.00260884 0.00127058 0)
(0.0119179 0.062374 0)
(0.0415231 0.148465 0)
(0.0637225 0.210838 0)
(0.0796404 0.248306 0)
(0.0901372 0.265497 0)
(0.0957539 0.266911 0)
(0.0976265 0.257759 0)
(0.0972102 0.243165 0)
(0.095813 0.226934 0)
(0.0943229 0.211088 0)
(0.0931831 0.19615 0)
(0.0924601 0.181856 0)
(0.0920055 0.167776 0)
(0.0916323 0.153627 0)
(0.0911932 0.139333 0)
(0.0906032 0.124963 0)
(0.0898285 0.110666 0)
(0.0888667 0.0966125 0)
(0.0877333 0.082965 0)
(0.086454 0.06986 0)
(0.0850589 0.0573945 0)
(0.0835763 0.0456205 0)
(0.0820276 0.0345463 0)
(0.0804247 0.0241402 0)
(0.0787702 0.0143405 0)
(0.0770585 0.00506114 0)
(0.0752787 -0.00379324 0)
(0.073424 -0.0123353 0)
(0.0714788 -0.0206759 0)
(0.0694355 -0.02893 0)
(0.067268 -0.0372183 0)
(0.0649767 -0.0456686 0)
(0.0625182 -0.0544158 0)
(0.0599084 -0.0636028 0)
(0.0570686 -0.0733824 0)
(0.0540509 -0.0839123 0)
(0.0507105 -0.0953619 0)
(0.0471893 -0.107893 0)
(0.04321 -0.121676 0)
(0.0391247 -0.136842 0)
(0.0343286 -0.153508 0)
(0.0296958 -0.171631 0)
(0.0237459 -0.19104 0)
(0.0191896 -0.211123 0)
(0.0102301 -0.23157 0)
(0.00867477 -0.251642 0)
(-0.00583897 -0.282039 0)
(-0.00600078 -0.355926 0)
(-0.027251 -0.471627 0)
(-0.0040366 -0.440513 0)
(-0.00167316 -0.00197463 0)
(0.00741438 0.0403267 0)
(0.037604 0.121751 0)
(0.0631271 0.189238 0)
(0.0824337 0.233158 0)
(0.0958646 0.256244 0)
(0.103827 0.262523 0)
(0.107375 0.256802 0)
(0.107989 0.244085 0)
(0.107129 0.228444 0)
(0.105887 0.212409 0)
(0.104899 0.19701 0)
(0.104381 0.182313 0)
(0.104253 0.168021 0)
(0.104329 0.15385 0)
(0.104421 0.139666 0)
(0.104394 0.12548 0)
(0.104169 0.111394 0)
(0.103713 0.0975496 0)
(0.103019 0.0840905 0)
(0.1021 0.0711444 0)
(0.100981 0.0588075 0)
(0.0996881 0.0471361 0)
(0.0982481 0.036146 0)
(0.0966811 0.0258142 0)
(0.0949975 0.016088 0)
(0.0932028 0.00688751 0)
(0.0912865 -0.00187892 0)
(0.0892506 -0.0103186 0)
(0.0870811 -0.0185447 0)
(0.084777 -0.0266713 0)
(0.0823058 -0.0348168 0)
(0.0796779 -0.0431061 0)
(0.076838 -0.051672 0)
(0.0738204 -0.0606533 0)
(0.0705243 -0.0702014 0)
(0.0670337 -0.0804697 0)
(0.0631643 -0.0916291 0)
(0.0591102 -0.103839 0)
(0.0545201 -0.117278 0)
(0.0498327 -0.132071 0)
(0.044308 -0.148342 0)
(0.0389914 -0.166024 0)
(0.0321231 -0.184966 0)
(0.0266587 -0.204575 0)
(0.0164947 -0.224522 0)
(0.0142378 -0.244012 0)
(-0.00246537 -0.273213 0)
(-0.00214557 -0.346373 0)
(-0.0264868 -0.469781 0)
(-0.00284749 -0.456786 0)
(-0.000537053 -0.00395385 0)
(0.00387381 0.022945 0)
(0.0310594 0.0930581 0)
(0.0599633 0.164056 0)
(0.0829242 0.214545 0)
(0.0996705 0.244037 0)
(0.110431 0.255829 0)
(0.116113 0.25424 0)
(0.118152 0.244021 0)
(0.118107 0.229398 0)
(0.117268 0.213359 0)
(0.116486 0.197486 0)
(0.116161 0.182266 0)
(0.116326 0.167623 0)
(0.116826 0.153328 0)
(0.117452 0.13921 0)
(0.118023 0.125218 0)
(0.118411 0.111395 0)
(0.118542 0.0978391 0)
(0.118383 0.0846652 0)
(0.117927 0.0719834 0)
(0.117187 0.0598812 0)
(0.116185 0.0484138 0)
(0.114946 0.0376009 0)
(0.113499 0.027427 0)
(0.111857 0.0178455 0)
(0.110041 0.00878837 0)
(0.108041 0.000161087 0)
(0.105869 -0.00812734 0)
(0.103508 -0.0161895 0)
(0.100971 -0.0241418 0)
(0.0982168 -0.0321011 0)
(0.0952709 -0.0401876 0)
(0.0920602 -0.0485323 0)
(0.0886431 -0.0572688 0)
(0.0848898 -0.0665473 0)
(0.0809228 -0.0765153 0)
(0.0765075 -0.0873451 0)
(0.0718998 -0.0991888 0)
(0.0666588 -0.112229 0)
(0.061323 -0.126578 0)
(0.0549967 -0.142369 0)
(0.0488984 -0.159528 0)
(0.0409719 -0.177968 0)
(0.0344843 -0.197091 0)
(0.0228977 -0.216559 0)
(0.0195999 -0.235501 0)
(0.000533249 -0.26337 0)
(0.00143583 -0.335088 0)
(-0.0260704 -0.46608 0)
(-0.00151493 -0.472357 0)
(-8.8049e-05 -0.00517383 0)
(0.0017876 0.0104127 0)
(0.0224614 0.0645209 0)
(0.053889 0.13574 0)
(0.0805579 0.192208 0)
(0.100919 0.228447 0)
(0.114932 0.246357 0)
(0.123273 0.24964 0)
(0.127262 0.242707 0)
(0.12848 0.229793 0)
(0.128363 0.21422 0)
(0.127964 0.198075 0)
(0.127888 0.182322 0)
(0.128327 0.167198 0)
(0.129204 0.152614 0)
(0.130325 0.138423 0)
(0.131479 0.124531 0)
(0.132498 0.110928 0)
(0.133264 0.0976588 0)
(0.133708 0.084802 0)
(0.1338 0.0724395 0)
(0.133533 0.060641 0)
(0.13292 0.0494533 0)
(0.131981 0.0388937 0)
(0.130745 0.0289507 0)
(0.129232 0.019582 0)
(0.127469 0.0107283 0)
(0.125451 0.00230186 0)
(0.123208 -0.00578367 0)
(0.120711 -0.0136372 0)
(0.117988 -0.0213699 0)
(0.11499 -0.0290973 0)
(0.111763 -0.0369359 0)
(0.10821 -0.0450147 0)
(0.10442 -0.0534613 0)
(0.100224 -0.062425 0)
(0.0957915 -0.0720454 0)
(0.0908245 -0.0824955 0)
(0.0856501 -0.0939165 0)
(0.0797214 -0.106495 0)
(0.0736887 -0.120326 0)
(0.0664813 -0.135553 0)
(0.0595091 -0.152074 0)
(0.0504062 -0.169826 0)
(0.0428054 -0.188178 0)
(0.0296902 -0.206932 0)
(0.0252686 -0.225263 0)
(0.00381731 -0.252246 0)
(0.00541687 -0.323069 0)
(-0.0257831 -0.461464 0)
(-0.000123515 -0.487042 0)
(-0.000217048 -0.00578848 0)
(0.000909651 0.00208512 0)
(0.0139933 0.0396921 0)
(0.0448662 0.105392 0)
(0.0748243 0.166135 0)
(0.0989888 0.209086 0)
(0.116625 0.233568 0)
(0.128104 0.242331 0)
(0.134573 0.239324 0)
(0.137574 0.228706 0)
(0.138635 0.21405 0)
(0.138973 0.197903 0)
(0.139374 0.181715 0)
(0.1402 0.166093 0)
(0.141489 0.151155 0)
(0.143098 0.136823 0)
(0.144822 0.122993 0)
(0.146469 0.109607 0)
(0.147888 0.0966617 0)
(0.148976 0.0841867 0)
(0.149674 0.0722287 0)
(0.149953 0.060832 0)
(0.149813 0.0500276 0)
(0.149263 0.0398252 0)
(0.148332 0.0302118 0)
(0.147037 0.0211494 0)
(0.145414 0.0125815 0)
(0.143462 0.00443285 0)
(0.141215 -0.00338006 0)
(0.138645 -0.010964 0)
(0.1358 -0.0184201 0)
(0.132616 -0.0258609 0)
(0.129162 -0.0333981 0)
(0.125312 -0.0411586 0)
(0.121192 -0.0492617 0)
(0.116583 -0.0578557 0)
(0.111711 -0.0670691 0)
(0.106198 -0.0770754 0)
(0.100453 -0.0879988 0)
(0.0938068 -0.100029 0)
(0.0870336 -0.113235 0)
(0.0788671 -0.127771 0)
(0.0709187 -0.143505 0)
(0.0605046 -0.160443 0)
(0.0516307 -0.17795 0)
(0.0367643 -0.195998 0)
(0.0309621 -0.213717 0)
(0.00685611 -0.239811 0)
(0.00933194 -0.309363 0)
(-0.0257161 -0.455289 0)
(0.00149234 -0.501277 0)
(-0.000422623 -0.00592695 0)
(0.000570746 -0.00307666 0)
(0.00805823 0.0209558 0)
(0.033555 0.0747205 0)
(0.065539 0.136773 0)
(0.0933091 0.185847 0)
(0.114769 0.217133 0)
(0.129831 0.231969 0)
(0.139376 0.233674 0)
(0.144814 0.226167 0)
(0.14767 0.213136 0)
(0.14926 0.19748 0)
(0.15052 0.181108 0)
(0.151972 0.165035 0)
(0.15379 0.149662 0)
(0.155923 0.135055 0)
(0.158211 0.121153 0)
(0.160469 0.107884 0)
(0.162531 0.0951982 0)
(0.164271 0.0830819 0)
(0.165602 0.071539 0)
(0.166473 0.0605808 0)
(0.166868 0.0502144 0)
(0.16678 0.0404352 0)
(0.166235 0.031222 0)
(0.165244 0.0225376 0)
(0.163846 0.0143241 0)
(0.162046 0.00651683 0)
(0.159879 -0.000976705 0)
(0.157313 -0.00823144 0)
(0.154423 -0.0153491 0)
(0.151117 -0.0224466 0)
(0.147502 -0.0296263 0)
(0.14341 -0.0370122 0)
(0.139014 -0.0447119 0)
(0.134032 -0.0528725 0)
(0.128753 -0.061607 0)
(0.122706 -0.0710891 0)
(0.116393 -0.0814205 0)
(0.108999 -0.0927935 0)
(0.101438 -0.105247 0)
(0.0922272 -0.11895 0)
(0.0831976 -0.133738 0)
(0.0713408 -0.14967 0)
(0.061047 -0.166078 0)
(0.044313 -0.183173 0)
(0.0370282 -0.200149 0)
(0.0101921 -0.225887 0)
(0.0137143 -0.294519 0)
(-0.025744 -0.448268 0)
(0.00330004 -0.514958 0)
(-0.000267574 -0.00591311 0)
(0.000726121 -0.00633066 0)
(0.00532001 0.00820253 0)
(0.0223487 0.0471102 0)
(0.0531451 0.105557 0)
(0.0835876 0.158941 0)
(0.108626 0.196691 0)
(0.127406 0.217694 0)
(0.140452 0.224428 0)
(0.148972 0.220535 0)
(0.15439 0.209722 0)
(0.157998 0.195138 0)
(0.160783 0.17905 0)
(0.163371 0.162844 0)
(0.166061 0.14721 0)
(0.168917 0.132402 0)
(0.171865 0.118451 0)
(0.174766 0.105301 0)
(0.177474 0.0928873 0)
(0.179859 0.0811568 0)
(0.181824 0.0700749 0)
(0.1833 0.0596185 0)
(0.184258 0.0497666 0)
(0.184675 0.0404962 0)
(0.184574 0.0317733 0)
(0.18395 0.0235566 0)
(0.182855 0.0157872 0)
(0.18127 0.0084032 0)
(0.179264 0.00132051 0)
(0.176791 -0.00553344 0)
(0.173932 -0.0122497 0)
(0.170569 -0.0189406 0)
(0.166858 -0.0256971 0)
(0.16258 -0.0326414 0)
(0.157963 -0.039866 0)
(0.152645 -0.0475164 0)
(0.146994 -0.0556846 0)
(0.140422 -0.0645441 0)
(0.133539 -0.0741672 0)
(0.125363 -0.0847503 0)
(0.116963 -0.0962922 0)
(0.106618 -0.108985 0)
(0.0963948 -0.12262 0)
(0.0829497 -0.137346 0)
(0.0710579 -0.15251 0)
(0.0522911 -0.168631 0)
(0.0432388 -0.18493 0)
(0.013547 -0.210629 0)
(0.0181638 -0.277952 0)
(-0.0260343 -0.439982 0)
(0.00546279 -0.528282 0)
(0.000475172 -0.00641001 0)
(0.00213053 -0.00879101 0)
(0.00542614 0.000140478 0)
(0.0148263 0.0263965 0)
(0.0391632 0.0753057 0)
(0.0699522 0.129776 0)
(0.0978554 0.172894 0)
(0.120215 0.199952 0)
(0.137034 0.212002 0)
(0.149196 0.212245 0)
(0.157911 0.204285 0)
(0.164354 0.191386 0)
(0.169459 0.176092 0)
(0.173873 0.160108 0)
(0.17798 0.144417 0)
(0.181951 0.129491 0)
(0.185815 0.115491 0)
(0.189512 0.102423 0)
(0.192947 0.0902317 0)
(0.196014 0.0788464 0)
(0.19863 0.0682015 0)
(0.20072 0.0582423 0)
(0.202256 0.0489192 0)
(0.2032 0.0401865 0)
(0.203578 0.0319963 0)
(0.203364 0.0242953 0)
(0.202627 0.0170274 0)
(0.20132 0.0101219 0)
(0.199547 0.00351791 0)
(0.197208 -0.00287899 0)
(0.194444 -0.0091391 0)
(0.191084 -0.0153668 0)
(0.187338 -0.0216385 0)
(0.182917 -0.0280762 0)
(0.178123 -0.0347518 0)
(0.172492 -0.04181 0)
(0.166489 -0.0493141 0)
(0.159384 -0.0574386 0)
(0.151917 -0.0662174 0)
(0.14291 -0.0758543 0)
(0.133611 -0.086301 0)
(0.122033 -0.0977818 0)
(0.110503 -0.110043 0)
(0.0953334 -0.123354 0)
(0.0817035 -0.13705 0)
(0.0608365 -0.152006 0)
(0.0498859 -0.167544 0)
(0.0175431 -0.193785 0)
(0.0231596 -0.259899 0)
(-0.0263618 -0.430801 0)
(0.00810949 -0.540818 0)
(0.00199081 -0.00849995 0)
(0.00516714 -0.0112489 0)
(0.00760907 -0.00484825 0)
(0.0120802 0.0134214 0)
(0.0265173 0.0498291 0)
(0.0533066 0.100316 0)
(0.0819241 0.146154 0)
(0.107067 0.177812 0)
(0.127627 0.194576 0)
(0.143935 0.198946 0)
(0.156762 0.194257 0)
(0.167 0.183696 0)
(0.175419 0.169918 0)
(0.182588 0.154832 0)
(0.188906 0.139642 0)
(0.194626 0.125014 0)
(0.199877 0.111253 0)
(0.204699 0.0984571 0)
(0.209076 0.0866107 0)
(0.212957 0.0756536 0)
(0.2163 0.0655101 0)
(0.219044 0.0561045 0)
(0.221184 0.0473688 0)
(0.222669 0.0392346 0)
(0.223546 0.0316448 0)
(0.223761 0.0245298 0)
(0.223412 0.0178368 0)
(0.222409 0.011485 0)
(0.220905 0.00542367 0)
(0.218736 -0.000446054 0)
(0.216107 -0.00616935 0)
(0.212776 -0.011851 0)
(0.209023 -0.0175516 0)
(0.204471 -0.0233946 0)
(0.199513 -0.0294252 0)
(0.193562 -0.035788 0)
(0.1872 -0.042509 0)
(0.179528 -0.0497651 0)
(0.171443 -0.0575413 0)
(0.161539 -0.0660548 0)
(0.151277 -0.0751989 0)
(0.138368 -0.0852452 0)
(0.125446 -0.0958889 0)
(0.108443 -0.107556 0)
(0.0929828 -0.119593 0)
(0.0699853 -0.133385 0)
(0.0569407 -0.148378 0)
(0.0222466 -0.175801 0)
(0.0286337 -0.240211 0)
(-0.0263625 -0.420234 0)
(0.0116938 -0.552056 0)
(0.00416257 -0.0134165 0)
(0.00875647 -0.0137358 0)
(0.00963265 -0.00682346 0)
(0.011449 0.00819863 0)
(0.0172968 0.0340274 0)
(0.0360172 0.0756471 0)
(0.0620421 0.119982 0)
(0.0881466 0.1541 0)
(0.111835 0.174345 0)
(0.132337 0.182308 0)
(0.149742 0.180856 0)
(0.164516 0.172908 0)
(0.177159 0.161089 0)
(0.188053 0.147405 0)
(0.197515 0.1332 0)
(0.205813 0.119283 0)
(0.213149 0.106085 0)
(0.219648 0.0937938 0)
(0.22539 0.0824524 0)
(0.230388 0.0720264 0)
(0.234675 0.0624502 0)
(0.238215 0.0536402 0)
(0.241054 0.0455223 0)
(0.243136 0.0380125 0)
(0.244551 0.031049 0)
(0.245215 0.0245499 0)
(0.245268 0.0184643 0)
(0.244578 0.0127055 0)
(0.243343 0.00723091 0)
(0.241348 0.00194498 0)
(0.238863 -0.00318379 0)
(0.235553 -0.00826134 0)
(0.231786 -0.0133237 0)
(0.227072 -0.0184987 0)
(0.221927 -0.0237985 0)
(0.215608 -0.0293728 0)
(0.208852 -0.035198 0)
(0.200551 -0.0414581 0)
(0.191807 -0.0480753 0)
(0.180933 -0.055291 0)
(0.169673 -0.0629248 0)
(0.155373 -0.0713205 0)
(0.141058 -0.0801087 0)
(0.122207 -0.0899302 0)
(0.105004 -0.100141 0)
(0.0800069 -0.112741 0)
(0.0649317 -0.127292 0)
(0.0284779 -0.15658 0)
(0.0354208 -0.219669 0)
(-0.024733 -0.408848 0)
(0.016959 -0.560931 0)
(0.00629195 -0.0225074 0)
(0.0117444 -0.0173302 0)
(0.00832397 -0.0102942 0)
(0.00674903 0.00432068 0)
(0.00637661 0.0242578 0)
(0.0166903 0.0564018 0)
(0.0375558 0.094886 0)
(0.0627336 0.127459 0)
(0.0886247 0.149057 0)
(0.11331 0.159529 0)
(0.135693 0.16104 0)
(0.155616 0.155987 0)
(0.17326 0.146722 0)
(0.188742 0.135168 0)
(0.202234 0.122689 0)
(0.213956 0.110167 0)
(0.224146 0.0981228 0)
(0.232989 0.0868239 0)
(0.240652 0.076378 0)
(0.247214 0.0667902 0)
(0.252792 0.0580214 0)
(0.257388 0.0499976 0)
(0.26112 0.0426511 0)
(0.263933 0.0358958 0)
(0.265979 0.0296706 0)
(0.267147 0.0238911 0)
(0.26764 0.018508 0)
(0.267273 0.013437 0)
(0.266315 0.00863969 0)
(0.264479 0.0040285 0)
(0.262115 -0.000424182 0)
(0.258778 -0.00481218 0)
(0.254965 -0.00913271 0)
(0.250027 -0.0135256 0)
(0.24465 -0.0179701 0)
(0.237888 -0.0226324 0)
(0.230702 -0.0274235 0)
(0.22171 -0.0325465 0)
(0.212303 -0.0378419 0)
(0.200438 -0.0435964 0)
(0.188257 -0.049531 0)
(0.172632 -0.0561006 0)
(0.157152 -0.0628423 0)
(0.136677 -0.0706879 0)
(0.118154 -0.0789558 0)
(0.0914969 -0.0904602 0)
(0.0747382 -0.104921 0)
(0.0373308 -0.136749 0)
(0.044295 -0.198982 0)
(-0.019345 -0.396675 0)
(0.0253133 -0.566632 0)
(0.00517782 -0.0309698 0)
(0.00853917 -0.0111855 0)
(-0.00193087 -0.000397424 0)
(-0.00348082 0.0125125 0)
(-0.00770142 0.0269122 0)
(-0.00429209 0.04867 0)
(0.00997903 0.0775885 0)
(0.0321451 0.104916 0)
(0.0587945 0.123957 0)
(0.086697 0.134634 0)
(0.113748 0.137735 0)
(0.138953 0.134981 0)
(0.162004 0.12823 0)
(0.182679 0.119108 0)
(0.200904 0.108832 0)
(0.216796 0.0982469 0)
(0.23058 0.0878902 0)
(0.242453 0.078067 0)
(0.252656 0.0689286 0)
(0.261308 0.0605151 0)
(0.268624 0.0528207 0)
(0.274628 0.0457898 0)
(0.279539 0.0393766 0)
(0.28329 0.0334997 0)
(0.286132 0.0281156 0)
(0.287903 0.0231355 0)
(0.288917 0.0185307 0)
(0.288894 0.0142064 0)
(0.288238 0.0101535 0)
(0.286525 0.00626642 0)
(0.284283 0.00256085 0)
(0.28089 -0.00108136 0)
(0.277033 -0.00460184 0)
(0.271819 -0.00815284 0)
(0.266199 -0.0116656 0)
(0.258949 -0.0153428 0)
(0.251378 -0.0190132 0)
(0.241718 -0.022933 0)
(0.231816 -0.0268316 0)
(0.219124 -0.0310824 0)
(0.206411 -0.0352643 0)
(0.189858 -0.0400039 0)
(0.173945 -0.0446725 0)
(0.152543 -0.0505908 0)
(0.133825 -0.0569315 0)
(0.106272 -0.0674881 0)
(0.089074 -0.0817936 0)
(0.0518514 -0.11635 0)
(0.0579152 -0.179095 0)
(-0.00658232 -0.383764 0)
(0.0386057 -0.567893 0)
(-0.000638286 -0.0370504 0)
(0.00558796 -0.0124625 0)
(-0.0250343 -0.00210529 0)
(-0.0353196 0.00657967 0)
(-0.0430226 0.0198931 0)
(-0.0397838 0.0358707 0)
(-0.0269101 0.0576268 0)
(-0.00505014 0.0783015 0)
(0.0225965 0.0942684 0)
(0.05374 0.103412 0)
(0.0848786 0.107282 0)
(0.11485 0.106607 0)
(0.142984 0.102573 0)
(0.168664 0.0963236 0)
(0.191643 0.0888222 0)
(0.211866 0.0808037 0)
(0.229538 0.0727724 0)
(0.244795 0.0650332 0)
(0.25794 0.0577623 0)
(0.269072 0.0510216 0)
(0.278515 0.0448425 0)
(0.286264 0.0391852 0)
(0.292676 0.0340393 0)
(0.297613 0.029328 0)
(0.301491 0.025043 0)
(0.304024 0.0210869 0)
(0.305726 0.0174697 0)
(0.306139 0.0140744 0)
(0.305914 0.0109428 0)
(0.304382 0.0079314 0)
(0.302381 0.00512343 0)
(0.298968 0.002332 0)
(0.29523 -0.000302367 0)
(0.289852 -0.00299963 0)
(0.284253 -0.00552992 0)
(0.276738 -0.00816317 0)
(0.269217 -0.0106367 0)
(0.259303 -0.0133233 0)
(0.249636 -0.0157951 0)
(0.236849 -0.0185865 0)
(0.224782 -0.0210662 0)
(0.208463 -0.0241256 0)
(0.193887 -0.0268248 0)
(0.173134 -0.0310065 0)
(0.156565 -0.0354833 0)
(0.129824 -0.0451415 0)
(0.114663 -0.0589959 0)
(0.0785696 -0.0961342 0)
(0.08268 -0.161625 0)
(0.0183227 -0.366565 0)
(0.0587417 -0.557312 0)
(-0.032903 -0.0459789 0)
(-0.0251579 0.0215741 0)
(-0.055088 0.0407893 0)
(-0.0758766 0.0398999 0)
(-0.08275 0.0395329 0)
(-0.0833451 0.0429008 0)
(-0.0693519 0.0502299 0)
(-0.0488457 0.0603453 0)
(-0.0192575 0.0677891 0)
(0.0141686 0.0733993 0)
(0.0493353 0.0758158 0)
(0.0837292 0.0759343 0)
(0.116526 0.0740095 0)
(0.146861 0.0705088 0)
(0.174201 0.0659304 0)
(0.198496 0.0608019 0)
(0.219819 0.0554754 0)
(0.238299 0.0502196 0)
(0.254271 0.045181 0)
(0.267784 0.0404523 0)
(0.279335 0.0360739 0)
(0.288784 0.0320466 0)
(0.296774 0.0283707 0)
(0.302924 0.0250035 0)
(0.308036 0.0219489 0)
(0.311459 0.0191391 0)
(0.314203 0.0165979 0)
(0.315316 0.014229 0)
(0.316065 0.01209 0)
(0.315151 0.0100443 0)
(0.314159 0.00820049 0)
(0.311372 0.00636506 0)
(0.308792 0.00472575 0)
(0.304191 0.00301183 0)
(0.300135 0.00154361 0)
(0.293677 -6.29533e-05 0)
(0.288118 -0.00137545 0)
(0.279629 -0.00298909 0)
(0.272613 -0.00421457 0)
(0.26181 -0.00593242 0)
(0.253378 -0.00702812 0)
(0.239773 -0.00896138 0)
(0.230128 -0.0100485 0)
(0.212609 -0.013121 0)
(0.202162 -0.0157699 0)
(0.178389 -0.0248326 0)
(0.169136 -0.0376275 0)
(0.134407 -0.0766094 0)
(0.13403 -0.143703 0)
(0.0693274 -0.335647 0)
(0.0925213 -0.515978 0)
(-0.117249 0.0328986 0)
(-0.111626 0.0156324 0)
(-0.152501 0.0299617 0)
(-0.129553 0.0194186 0)
(-0.139495 0.0175104 0)
(-0.116811 0.0126535 0)
(-0.108065 0.0148827 0)
(-0.0798543 0.0189252 0)
(-0.0541383 0.0240885 0)
(-0.0204249 0.0297741 0)
(0.013866 0.0330804 0)
(0.0485527 0.035381 0)
(0.0822782 0.036273 0)
(0.114294 0.0360646 0)
(0.144315 0.0349876 0)
(0.171438 0.0333524 0)
(0.19641 0.0313171 0)
(0.218298 0.0290986 0)
(0.238455 0.026799 0)
(0.255627 0.0245441 0)
(0.271666 0.0223781 0)
(0.284841 0.0203466 0)
(0.297517 0.0184639 0)
(0.307415 0.0167097 0)
(0.317388 0.015101 0)
(0.324533 0.0135752 0)
(0.332344 0.0122028 0)
(0.337158 0.0108691 0)
(0.343229 0.00971551 0)
(0.345999 0.00853752 0)
(0.350649 0.00758188 0)
(0.351551 0.00651112 0)
(0.355033 0.0057356 0)
(0.354141 0.00471537 0)
(0.35665 0.00410299 0)
(0.353924 0.00304198 0)
(0.355629 0.00260657 0)
(0.350923 0.00146873 0)
(0.352044 0.00128806 0)
(0.345134 1.78484e-05 0)
(0.346003 0.000239421 0)
(0.336347 -0.00124553 0)
(0.337135 -0.000549986 0)
(0.323293 -0.00291392 0)
(0.323646 -0.00281673 0)
(0.302324 -0.00995772 0)
(0.300786 -0.0184408 0)
(0.264199 -0.0513501 0)
(0.257036 -0.109868 0)
(0.181266 -0.257313 0)
(0.155535 -0.39975 0)
(0.0830217 0.124318 0)
(0.122323 0.0848886 0)
(0.158457 0.0610027 0)
(0.206221 0.0457584 0)
(0.230739 0.0359808 0)
(0.253497 0.0273799 0)
(0.269243 0.0206622 0)
(0.284119 0.0150221 0)
(0.299388 0.0113023 0)
(0.315439 0.00906422 0)
(0.33425 0.00797319 0)
(0.354142 0.00762849 0)
(0.37617 0.00757201 0)
(0.397967 0.00768726 0)
(0.420981 0.00777202 0)
(0.442111 0.00786484 0)
(0.463766 0.00781104 0)
(0.482552 0.00773953 0)
(0.501869 0.00751541 0)
(0.517751 0.00732229 0)
(0.534561 0.00699647 0)
(0.547518 0.00675695 0)
(0.562026 0.00638911 0)
(0.57227 0.00614863 0)
(0.584815 0.00575381 0)
(0.592592 0.00551816 0)
(0.603577 0.00509485 0)
(0.609136 0.00487712 0)
(0.61893 0.0044322 0)
(0.622434 0.0042495 0)
(0.631357 0.00378429 0)
(0.632887 0.00364732 0)
(0.641235 0.00315171 0)
(0.640801 0.00306493 0)
(0.648856 0.00252162 0)
(0.646397 0.0024966 0)
(0.65446 0.00189942 0)
(0.649847 0.00197673 0)
(0.658249 0.00134097 0)
(0.65128 0.00158169 0)
(0.660389 0.000907391 0)
(0.650666 0.00136129 0)
(0.660644 0.000602902 0)
(0.647069 0.00123003 0)
(0.65692 -1.15708e-05 0)
(0.635661 -9.45702e-05 0)
(0.639275 -0.00436574 0)
(0.594744 -0.0108563 0)
(0.566114 -0.0309785 0)
(0.438428 -0.0680293 0)
(0.286736 -0.121745 0)
)
;

boundaryField
{
    movingWall
    {
        type            fixedValue;
        value           uniform (1 0 0);
    }
    fixedWalls
    {
        type            noSlip;
    }
    frontAndBack
    {
        type            empty;
    }
}


// ************************************************************************* //
