/*--------------------------------*- C++ -*----------------------------------*\
| =========                 |                                                 |
| \\      /  F ield         | OpenFOAM: The Open Source CFD Toolbox           |
|  \\    /   O peration     | Version:  2312                                  |
|   \\  /    A nd           | Website:  www.openfoam.com                      |
|    \\/     M anipulation  |                                                 |
\*---------------------------------------------------------------------------*/
FoamFile
{
    version     2.0;
    format      ascii;
    arch        "LSB;label=32;scalar=64";
    class       surfaceScalarField;
    location    "50";
    object      phi;
}
// * * * * * * * * * * * * * * * * * * * * * * * * * * * * * * * * * * * * * //

dimensions      [0 3 -1 0 0 0 0];

oriented        oriented;

internalField   nonuniform List<scalar> 
4900
(
2.01964e-07
-2.02655e-07
4.26091e-07
-2.24127e-07
4.85135e-07
-5.90436e-08
3.14387e-07
1.70748e-07
-8.33026e-08
3.97689e-07
-6.84301e-07
6.00999e-07
-1.45899e-06
7.74692e-07
-2.37917e-06
9.20178e-07
-3.42196e-06
1.04279e-06
-4.57003e-06
1.14807e-06
-5.8102e-06
1.24017e-06
-7.13143e-06
1.32123e-06
-8.52276e-06
1.39134e-06
-9.9715e-06
1.44874e-06
-1.14617e-05
1.49024e-06
-1.29734e-05
1.51164e-06
-1.44816e-05
1.5082e-06
-1.59567e-05
1.47508e-06
-1.73644e-05
1.40775e-06
-1.86668e-05
1.30239e-06
-1.98231e-05
1.15631e-06
-2.07914e-05
9.68271e-07
-2.15302e-05
7.38845e-07
-2.2001e-05
4.70726e-07
-2.21699e-05
1.68956e-07
-2.20104e-05
-1.59515e-07
-2.15057e-05
-5.04682e-07
-2.06508e-05
-8.54954e-07
-1.94538e-05
-1.19695e-06
-1.79375e-05
-1.5163e-06
-1.61391e-05
-1.79842e-06
-1.41097e-05
-2.02942e-06
-1.19126e-05
-2.19707e-06
-9.62081e-06
-2.2918e-06
-7.31327e-06
-2.30754e-06
-5.07099e-06
-2.24229e-06
-2.97253e-06
-2.09845e-06
-1.0897e-06
-1.88283e-06
5.16582e-07
-1.60629e-06
1.79953e-06
-1.28295e-06
2.72775e-06
-9.28223e-07
3.28817e-06
-5.60415e-07
3.48593e-06
-1.97762e-07
3.34544e-06
1.40489e-07
2.91167e-06
4.33776e-07
2.25373e-06
6.57932e-07
1.47143e-06
7.82304e-07
7.06085e-07
7.65346e-07
1.5221e-07
5.53877e-07
1.52212e-07
2.3119e-07
-4.33845e-07
3.1618e-07
-3.09117e-07
-1.76976e-08
2.74834e-07
-8.68612e-07
1.02166e-06
-2.25682e-06
1.7859e-06
-4.145e-06
2.48918e-06
-6.47614e-06
3.10583e-06
-9.19158e-06
3.63562e-06
-1.22381e-05
4.08934e-06
-1.557e-05
4.47996e-06
-1.91474e-05
4.8175e-06
-2.29327e-05
5.1066e-06
-2.68874e-05
5.34597e-06
-3.09674e-05
5.52883e-06
-3.51213e-05
5.64406e-06
-3.92872e-05
5.67761e-06
-4.33931e-05
5.61405e-06
-4.73561e-05
5.43809e-06
-5.10843e-05
5.13601e-06
-5.4479e-05
4.69705e-06
-5.74373e-05
4.11466e-06
-5.98567e-05
3.38762e-06
-6.16389e-05
2.52107e-06
-6.26953e-05
1.52714e-06
-6.29523e-05
4.25935e-07
-6.23556e-05
-7.56252e-07
-6.08749e-05
-1.9854e-06
-5.85093e-05
-3.2205e-06
-5.52892e-05
-4.41708e-06
-5.12776e-05
-5.52784e-06
-4.65706e-05
-6.50544e-06
-4.12948e-05
-7.30523e-06
-3.56037e-05
-7.88822e-06
-2.96715e-05
-8.22394e-06
-2.36861e-05
-8.29291e-06
-1.78399e-05
-8.08853e-06
-1.23203e-05
-7.61807e-06
-7.30035e-06
-6.90277e-06
-2.92981e-06
-5.97682e-06
6.72727e-07
-4.88549e-06
3.42733e-06
-3.68283e-06
5.29422e-06
-2.4273e-06
6.27982e-06
-1.18336e-06
6.44042e-06
-2.01162e-08
5.87936e-06
9.9484e-07
4.75809e-06
1.7792e-06
3.29692e-06
2.24348e-06
1.7803e-06
2.28196e-06
5.51619e-07
1.78256e-06
7.03832e-07
5.61019e-08
-4.89947e-07
-3.17006e-07
6.39911e-08
-1.36157e-06
1.3194e-06
-3.17656e-06
2.83666e-06
-5.76171e-06
4.37104e-06
-9.06846e-06
5.79594e-06
-1.3024e-05
7.0614e-06
-1.75502e-05
8.16183e-06
-2.25727e-05
9.11177e-06
-2.8023e-05
9.93033e-06
-3.38375e-05
1.06319e-05
-3.99526e-05
1.12217e-05
-4.63007e-05
1.16941e-05
-5.28056e-05
1.20338e-05
-5.93794e-05
1.22178e-05
-6.592e-05
1.22182e-05
-7.23113e-05
1.20053e-05
-7.84237e-05
1.15505e-05
-8.41169e-05
1.08292e-05
-8.92435e-05
9.8237e-06
-9.3654e-05
8.52513e-06
-9.72022e-05
6.93583e-06
-9.97519e-05
5.07081e-06
-0.000101184
2.9589e-06
-0.000101402
6.44159e-07
-0.000100339
-1.81962e-06
-9.79633e-05
-4.36064e-06
-9.42851e-05
-6.89876e-06
-8.93558e-05
-9.34632e-06
-8.32721e-05
-1.16116e-05
-7.61742e-05
-1.36034e-05
-6.82432e-05
-1.52362e-05
-5.96958e-05
-1.64356e-05
-5.07769e-05
-1.71429e-05
-4.17495e-05
-1.73203e-05
-3.28842e-05
-1.69538e-05
-2.44465e-05
-1.60558e-05
-1.6684e-05
-1.46653e-05
-9.81436e-06
-1.28465e-05
-4.01375e-06
-1.06861e-05
5.92272e-07
-8.28885e-06
3.93858e-06
-5.77361e-06
6.02004e-06
-3.26481e-06
6.90333e-06
-9.03407e-07
6.72684e-06
1.17132e-06
5.70045e-06
2.80559e-06
4.11152e-06
3.83241e-06
2.32363e-06
4.06985e-06
7.7446e-07
3.33173e-06
1.47829e-06
-2.22859e-07
-2.67088e-07
-1.2437e-06
1.08483e-06
-3.22875e-06
3.30445e-06
-6.21593e-06
5.82384e-06
-1.01734e-05
8.32849e-06
-1.50283e-05
1.06508e-05
-2.06896e-05
1.27227e-05
-2.70628e-05
1.4535e-05
-3.40567e-05
1.61057e-05
-4.15848e-05
1.74584e-05
-4.95623e-05
1.86094e-05
-5.79017e-05
1.95611e-05
-6.65079e-05
2.03002e-05
-7.52734e-05
2.07993e-05
-8.40756e-05
2.10201e-05
-9.27754e-05
2.0918e-05
-0.000101217
2.04471e-05
-0.000109231
1.95647e-05
-0.000116638
1.82359e-05
-0.000123252
1.64377e-05
-0.000128889
1.41622e-05
-0.000133373
1.14196e-05
-0.000136542
8.24044e-06
-0.00013826
4.67635e-06
-0.000138418
8.02157e-07
-0.000136944
-3.29348e-06
-0.000133811
-7.49382e-06
-0.000129037
-1.16724e-05
-0.000122692
-1.56915e-05
-0.000114896
-1.94078e-05
-0.000105819
-2.26799e-05
-9.56802e-05
-2.53752e-05
-8.47385e-05
-2.73773e-05
-7.32873e-05
-2.85941e-05
-6.16431e-05
-2.89645e-05
-5.01333e-05
-2.84636e-05
-3.90824e-05
-2.71066e-05
-2.87975e-05
-2.49502e-05
-1.95529e-05
-2.20911e-05
-1.15765e-05
-1.86625e-05
-5.03738e-06
-1.48279e-05
-3.61541e-08
-1.07748e-05
3.41025e-06
-6.71122e-06
5.35704e-06
-2.85019e-06
5.95196e-06
5.76393e-07
5.42926e-06
3.3283e-06
4.11129e-06
5.15037e-06
2.40926e-06
5.77188e-06
8.27164e-07
4.91383e-06
2.30546e-06
-5.47996e-07
2.80908e-07
-2.34368e-06
2.88051e-06
-5.42062e-06
6.38139e-06
-9.73526e-06
1.01385e-05
-1.5201e-05
1.37942e-05
-2.17097e-05
1.71595e-05
-2.91472e-05
2.01603e-05
-3.7402e-05
2.27898e-05
-4.63679e-05
2.50716e-05
-5.59426e-05
2.70331e-05
-6.6023e-05
2.86898e-05
-7.65002e-05
3.00383e-05
-8.72537e-05
3.10538e-05
-9.81478e-05
3.16933e-05
-0.000109029
3.19008e-05
-0.000119724
3.16133e-05
-0.000130045
3.0768e-05
-0.000139789
2.93086e-05
-0.000148745
2.71918e-05
-0.000156699
2.4392e-05
-0.000163443
2.0906e-05
-0.000168779
1.67562e-05
-0.000172532
1.19929e-05
-0.000174551
6.69533e-06
-0.000174722
9.73387e-07
-0.000172971
-5.04454e-06
-0.000169271
-1.11937e-05
-0.000163646
-1.72973e-05
-0.000156174
-2.31634e-05
-0.000146988
-2.85939e-05
-0.000136276
-3.33924e-05
-0.000124277
-3.73743e-05
-0.000111277
-4.03765e-05
-9.76044e-05
-4.22672e-05
-8.36127e-05
-4.29562e-05
-6.96744e-05
-4.24019e-05
-5.6163e-05
-4.0618e-05
-4.34377e-05
-3.76755e-05
-3.1826e-05
-3.37028e-05
-2.16073e-05
-2.88812e-05
-1.29971e-05
-2.34381e-05
-6.13385e-06
-1.7638e-05
-1.07159e-06
-1.17735e-05
2.23376e-06
-6.15555e-06
3.92121e-06
-1.11105e-06
4.22945e-06
3.02006e-06
3.49666e-06
5.88316e-06
2.1613e-06
7.10724e-06
7.67964e-07
6.30716e-06
3.07342e-06
-8.99916e-07
1.18082e-06
-3.54236e-06
5.52296e-06
-7.81005e-06
1.06491e-05
-1.35561e-05
1.58845e-05
-2.0624e-05
2.08621e-05
-2.88605e-05
2.53961e-05
-3.81229e-05
2.94226e-05
-4.82805e-05
3.29474e-05
-5.92124e-05
3.60036e-05
-7.08022e-05
3.86228e-05
-8.29308e-05
4.08185e-05
-9.54705e-05
4.2578e-05
-0.000108279
4.38621e-05
-0.000121195
4.46097e-05
-0.000134039
4.47448e-05
-0.000146611
4.41853e-05
-0.000158695
4.2852e-05
-0.000170063
4.06765e-05
-0.000180481
3.76093e-05
-0.000189714
3.36252e-05
-0.000197537
2.8729e-05
-0.000203739
2.29584e-05
-0.000208132
1.63864e-05
-0.000210559
9.12227e-06
-0.000210898
1.3124e-06
-0.00020907
-6.87277e-06
-0.000205043
-1.52204e-05
-0.000198839
-2.35019e-05
-0.000190532
-3.14699e-05
-0.000180257
-3.88688e-05
-0.000168205
-4.54444e-05
-0.000154624
-5.09553e-05
-0.000139816
-5.51853e-05
-0.000124127
-5.79563e-05
-0.000107942
-5.91406e-05
-9.16719e-05
-5.86722e-05
-7.57348e-05
-5.65551e-05
-6.05413e-05
-5.2869e-05
-4.64741e-05
-4.77699e-05
-3.38689e-05
-4.14865e-05
-2.29952e-05
-3.43119e-05
-1.40404e-05
-2.65928e-05
-7.09728e-06
-1.87166e-05
-2.154e-06
-1.10988e-05
9.09911e-07
-4.17496e-06
2.32518e-06
1.60479e-06
2.43241e-06
5.77594e-06
1.68245e-06
7.8572e-06
6.39402e-07
7.3502e-06
3.71282e-06
-1.266e-06
2.44683e-06
-4.79479e-06
9.05175e-06
-1.03092e-05
1.61635e-05
-1.75464e-05
2.31216e-05
-2.62695e-05
2.95852e-05
-3.6273e-05
3.53996e-05
-4.73811e-05
4.05307e-05
-5.94421e-05
4.50084e-05
-7.23203e-05
4.88818e-05
-8.58862e-05
5.21887e-05
-0.000100007
5.49393e-05
-0.000114539
5.711e-05
-0.000129321
5.86446e-05
-0.000144173
5.94616e-05
-0.000158893
5.94644e-05
-0.000173259
5.85517e-05
-0.000187036
5.66288e-05
-0.000199977
5.36174e-05
-0.000211832
4.94637e-05
-0.000222352
4.41457e-05
-0.000231301
3.76781e-05
-0.000238458
3.01155e-05
-0.000243626
2.15546e-05
-0.000246639
1.21343e-05
-0.000247363
2.03663e-06
-0.00024571
-8.52601e-06
-0.000241635
-1.92954e-05
-0.000235145
-2.99913e-05
-0.000226304
-4.03113e-05
-0.000215232
-4.9941e-05
-0.000202111
-5.8565e-05
-0.000187186
-6.58801e-05
-0.000170761
-7.161e-05
-0.000153197
-7.55209e-05
-0.0001349
-7.74374e-05
-0.000116315
-7.72573e-05
-9.79053e-05
-7.49647e-05
-8.01363e-05
-7.06381e-05
-6.3452e-05
-6.44543e-05
-4.82527e-05
-5.66858e-05
-3.48725e-05
-4.76921e-05
-2.3559e-05
-3.79062e-05
-1.44573e-05
-2.78184e-05
-7.5977e-06
-1.79584e-05
-2.89028e-06
-8.88238e-06
-1.22732e-07
-1.16276e-06
1.03872e-06
4.61449e-06
1.04615e-06
7.84977e-06
4.69046e-07
7.9273e-06
4.18187e-06
-1.63744e-06
4.08427e-06
-6.06867e-06
1.3483e-05
-1.28516e-05
2.29465e-05
-2.16009e-05
3.1871e-05
-3.19942e-05
3.99785e-05
-4.37689e-05
4.71743e-05
-5.67135e-05
5.34753e-05
-7.06541e-05
5.8949e-05
-8.54402e-05
6.36678e-05
-0.00010093
6.76789e-05
-0.000116981
7.09895e-05
-0.000133434
7.35633e-05
-0.000150115
7.5326e-05
-0.000166828
7.61748e-05
-0.000183356
7.59919e-05
-0.000199462
7.46575e-05
-0.000214896
7.20629e-05
-0.0002294
6.81215e-05
-0.000242714
6.27774e-05
-0.000254581
5.6013e-05
-0.000264756
4.78536e-05
-0.000273011
3.83703e-05
-0.000279139
2.76822e-05
-0.00028296
1.59557e-05
-0.000284328
3.40502e-06
-0.000283136
-9.71801e-06
-0.000279318
-2.31138e-05
-0.000272857
-3.64527e-05
-0.00026379
-4.93784e-05
-0.000252214
-6.1517e-05
-0.000238289
-7.2489e-05
-0.000222246
-8.1924e-05
-0.000204378
-8.94771e-05
-0.000185052
-9.48475e-05
-0.00016469
-9.7799e-05
-0.000143769
-9.8179e-05
-0.000122797
-9.59367e-05
-0.000102298
-9.11363e-05
-8.27877e-05
-8.39649e-05
-6.47415e-05
-7.4732e-05
-4.85717e-05
-6.38618e-05
-3.46009e-05
-5.18771e-05
-2.30407e-05
-3.93786e-05
-1.3977e-05
-2.70221e-05
-7.36183e-06
-1.54976e-05
-3.01079e-06
-5.51379e-06
-6.05908e-07
2.20961e-06
2.99464e-07
6.9444e-06
2.7368e-07
7.95308e-06
4.45555e-06
-2.0073e-06
6.09157e-06
-7.33681e-06
1.88125e-05
-1.53804e-05
3.099e-05
-2.56285e-05
4.21191e-05
-3.76711e-05
5.2021e-05
-5.11872e-05
6.06904e-05
-6.59284e-05
6.82166e-05
-8.16985e-05
7.47191e-05
-9.83326e-05
8.03019e-05
-0.000115679
8.50254e-05
-0.000133584
8.88947e-05
-0.000151882
9.1861e-05
-0.000170387
9.38308e-05
-0.000188892
9.46799e-05
-0.00020717
9.42697e-05
-0.000224975
9.24631e-05
-0.000242051
8.91389e-05
-0.000258133
8.42034e-05
-0.000272956
7.75998e-05
-0.000286258
6.93149e-05
-0.000297788
5.93837e-05
-0.00030731
4.78921e-05
-0.000314605
3.49781e-05
-0.000319481
2.08315e-05
-0.00032177
5.69388e-06
-0.00032134
-1.01482e-05
-0.000318095
-2.63588e-05
-0.000311985
-4.25625e-05
-0.000303012
-5.83513e-05
-0.000291237
-7.32921e-05
-0.000276787
-8.69392e-05
-0.000259862
-9.88491e-05
-0.000240739
-0.000108599
-0.000219776
-0.000115811
-0.000197406
-0.000120169
-0.000174129
-0.000121456
-0.000150501
-0.000119565
-0.00012711
-0.000114528
-0.000104546
-0.000106528
-8.33772e-05
-9.5901e-05
-6.41089e-05
-8.31301e-05
-4.71563e-05
-6.88297e-05
-3.28156e-05
-5.37193e-05
-2.12443e-05
-3.85933e-05
-1.24499e-05
-2.42919e-05
-6.28661e-06
-1.16771e-05
-2.45893e-06
-1.61807e-06
-5.30748e-07
5.01622e-06
6.23082e-08
7.36003e-06
4.51786e-06
-2.36861e-06
8.46017e-06
-8.57328e-06
2.50172e-05
-1.78423e-05
4.02591e-05
-2.9544e-05
5.38208e-05
-4.31817e-05
6.56586e-05
-5.83768e-05
7.58856e-05
-7.48447e-05
8.46844e-05
-9.23671e-05
9.22415e-05
-0.000110766
9.87009e-05
-0.000129881
0.00010414
-0.000149552
0.000108565
-0.000169605
0.000111915
-0.00018985
0.000114076
-0.000210074
0.000114904
-0.000230045
0.00011424
-0.000249513
0.000111932
-0.00026822
0.000107846
-0.0002859
0.000101883
-0.000302285
9.3985e-05
-0.000317113
8.41424e-05
-0.000330127
7.23979e-05
-0.000341083
5.88483e-05
-0.000349751
4.36463e-05
-0.000355919
2.69996e-05
-0.000359397
9.17159e-06
-0.000360022
-9.52302e-06
-0.000357664
-2.87172e-05
-0.000352231
-4.7995e-05
-0.000343682
-6.69004e-05
-0.000332031
-8.4943e-05
-0.000317361
-0.00010161
-0.00029983
-0.00011638
-0.000279683
-0.000128746
-0.000257258
-0.000138236
-0.000232984
-0.000144443
-0.000207381
-0.000147059
-0.000181043
-0.000145903
-0.000154621
-0.000140949
-0.000128794
-0.000132355
-0.00010423
-0.000120465
-8.15475e-05
-0.000105813
-6.1274e-05
-8.91033e-05
-4.38121e-05
-7.11811e-05
-2.94115e-05
-5.2994e-05
-1.8152e-05
-3.55514e-05
-9.9391e-06
-1.989e-05
-4.50818e-06
-7.04899e-06
-1.43692e-06
1.94496e-06
-1.62462e-07
6.08557e-06
4.3554e-06
-2.71384e-06
1.1174e-05
-9.75182e-06
3.20551e-05
-2.01851e-05
5.06924e-05
-3.3265e-05
6.69007e-05
-4.84121e-05
8.08057e-05
-6.51927e-05
9.26662e-05
-8.32876e-05
0.000102779
-0.000102458
0.000111412
-0.000122514
0.000118757
-0.000143288
0.000124914
-0.000164615
0.000129892
-0.000186319
0.000133619
-0.000208206
0.000135963
-0.000230063
0.00013676
-0.000251656
0.000135833
-0.000272738
0.000133014
-0.000293052
0.000128159
-0.000312333
0.000121164
-0.000330316
0.000111968
-0.000346737
0.000100564
-0.000361337
8.69981e-05
-0.000373864
7.13751e-05
-0.000384075
5.38568e-05
-0.000391738
3.46633e-05
-0.00039664
1.40734e-05
-0.000398586
-7.5769e-06
-0.000397408
-2.98959e-05
-0.000392969
-5.24333e-05
-0.000385179
-7.46908e-05
-0.000373997
-9.61246e-05
-0.000359451
-0.000116156
-0.000341646
-0.000134186
-0.000320778
-0.000149614
-0.000297147
-0.000161866
-0.000271164
-0.000170426
-0.00024335
-0.000174874
-0.000214329
-0.000174923
-0.000184813
-0.000170466
-0.000155566
-0.000161602
-0.00012737
-0.000148661
-0.000100973
-0.00013221
-7.70405e-05
-0.000113036
-5.61062e-05
-9.21153e-05
-3.85373e-05
-7.05629e-05
-2.4508e-05
-4.95807e-05
-1.39917e-05
-3.04064e-05
-6.76498e-06
-1.42757e-05
-2.42294e-06
-2.39708e-06
-4.01416e-07
4.06404e-06
3.95398e-06
-3.03492e-06
1.42089e-05
-1.08454e-05
3.98657e-05
-2.23563e-05
6.22032e-05
-3.67103e-05
8.12548e-05
-5.32512e-05
9.73466e-05
-7.14942e-05
0.000110909
-9.10878e-05
0.000122373
-0.000111774
0.000132099
-0.000133354
0.000140336
-0.000155653
0.000147214
-0.000178504
0.000152744
-0.000201731
0.000156846
-0.00022514
0.000159372
-0.00024852
0.00016014
-0.000271641
0.000158954
-0.00029426
0.000155633
-0.000316124
0.000150024
-0.000336975
0.000142015
-0.000356549
0.000131543
-0.000374585
0.000118599
-0.00039082
0.000103233
-0.000404995
8.55507e-05
-0.000416858
6.57192e-05
-0.00042616
4.39654e-05
-0.000432664
2.05774e-05
-0.000436147
-4.09383e-06
-0.000436403
-2.96397e-05
-0.000433254
-5.55828e-05
-0.000426554
-8.13904e-05
-0.000416206
-0.000106472
-0.000402173
-0.00013019
-0.000384491
-0.000151867
-0.000363294
-0.000170811
-0.000338823
-0.000186337
-0.000311446
-0.000197803
-0.000281664
-0.000204655
-0.000250114
-0.000206474
-0.00021755
-0.00020303
-0.000184822
-0.00019433
-0.000152829
-0.000180654
-0.000122465
-0.000162573
-9.45575e-05
-0.000140944
-6.9802e-05
-0.000116871
-4.87139e-05
-9.16511e-05
-3.15904e-05
-6.67041e-05
-1.8495e-05
-4.35018e-05
-9.25983e-06
-2.35109e-05
-3.50365e-06
-8.15325e-06
-6.59131e-07
1.21952e-06
3.29485e-06
-3.3234e-06
1.75323e-05
-1.18268e-05
4.83691e-05
-2.43039e-05
7.46803e-05
-3.98005e-05
9.67513e-05
-5.75912e-05
0.000115137
-7.71451e-05
0.000130463
-9.80816e-05
0.000143309
-0.000120126
0.000154143
-0.000143068
0.000163279
-0.000166732
0.000170877
-0.000190949
0.00017696
-0.000215543
0.00018144
-0.000240324
0.000184154
-0.000265086
0.000184901
-0.000289604
0.000183472
-0.000313643
0.000179672
-0.000336956
0.000173337
-0.00035929
0.000164349
-0.000380388
0.00015264
-0.000399989
0.0001382
-0.000417832
0.000121076
-0.000433654
0.000101373
-0.000447195
7.92603e-05
-0.000458196
5.49666e-05
-0.000466403
2.87845e-05
-0.00047157
1.07281e-06
-0.00047346
-2.77497e-05
-0.000471855
-5.71876e-05
-0.000466562
-8.6684e-05
-0.000457421
-0.000115613
-0.000444324
-0.000143286
-0.000427231
-0.00016896
-0.000406192
-0.000191851
-0.000381367
-0.000211162
-0.000353055
-0.000226115
-0.000321708
-0.000236003
-0.000287941
-0.00024024
-0.000252534
-0.000238438
-0.000216402
-0.000230461
-0.000180562
-0.000216494
-0.000146062
-0.000197073
-0.000113914
-0.000173092
-8.50104e-05
-0.000145775
-6.00513e-05
-0.00011661
-3.9493e-05
-8.72624e-05
-2.35188e-05
-5.94759e-05
-1.20374e-05
-3.49923e-05
-4.70173e-06
-1.54889e-05
-9.42355e-07
-2.53985e-06
2.35249e-06
-3.57081e-06
2.11032e-05
-1.26691e-05
5.74674e-05
-2.59775e-05
8.79887e-05
-4.2459e-05
0.000113233
-6.1329e-05
0.000134007
-8.20159e-05
0.00015115
-0.000104113
0.000165406
-0.00012733
0.000177359
-0.000151448
0.000187397
-0.000176289
0.000195718
-0.000201683
0.000202354
-0.000227457
0.000207214
-0.000253427
0.000210123
-0.00027939
0.000210864
-0.000305131
0.000209213
-0.00033042
0.000204962
-0.00035502
0.000197937
-0.000378685
0.000188013
-0.000401162
0.000175118
-0.000422197
0.000159235
-0.000441531
0.000140409
-0.000458903
0.000118745
-0.000474051
9.44089e-05
-0.000486715
6.763e-05
-0.000496632
3.87015e-05
-0.000503542
7.98256e-06
-0.00050719
-2.41007e-05
-0.000507328
-5.70497e-05
-0.000503719
-9.02939e-05
-0.000496146
-0.000123186
-0.000484429
-0.000155003
-0.000468441
-0.000184948
-0.000448133
-0.000212159
-0.000423562
-0.000235732
-0.000394925
-0.000254752
-0.000362589
-0.000268339
-0.000327112
-0.000275717
-0.000289258
-0.000276292
-0.000249983
-0.000269736
-0.000210401
-0.000256076
-0.00017172
-0.000235754
-0.000135155
-0.000209657
-0.000101825
-0.000179105
-7.26592e-05
-0.000145776
-4.83181e-05
-0.000111604
-2.91441e-05
-7.86499e-05
-1.51515e-05
-4.89849e-05
-6.04507e-06
-2.45953e-05
-1.25958e-06
-7.32534e-06
1.09291e-06
-3.76903e-06
2.48722e-05
-1.33468e-05
6.70452e-05
-2.73294e-05
0.000101971
-4.46145e-05
0.000130518
-6.43687e-05
0.000153762
-8.5986e-05
0.000172767
-0.000109036
0.000188457
-0.000133215
0.000201538
-0.000158297
0.000212479
-0.000184098
0.000221519
-0.000210451
0.000228707
-0.000237185
0.000233948
-0.000264119
0.000237058
-0.00029106
0.000237805
-0.000317798
0.000235951
-0.000344113
0.000231276
-0.000369773
0.000223597
-0.000394541
0.000212781
-0.000418173
0.000198749
-0.00044042
0.000181482
-0.000461032
0.000161021
-0.000479755
0.000137468
-0.000496336
0.00011099
-0.00051052
8.18137e-05
-0.00052205
5.02314e-05
-0.000530667
1.65993e-05
-0.000536108
-1.86592e-05
-0.000538109
-5.50493e-05
-0.0005364
-9.20027e-05
-0.000530718
-0.000128868
-0.000520812
-0.000164908
-0.000506467
-0.000199293
-0.000487523
-0.000231103
-0.000463913
-0.000259342
-0.000435702
-0.000282964
-0.000403129
-0.000300912
-0.000366649
-0.000312197
-0.000326963
-0.000315978
-0.000285023
-0.000311677
-0.000242009
-0.00029909
-0.000199273
-0.00027849
-0.000158241
-0.00025069
-0.00012029
-0.000217055
-8.66254e-05
-0.000179441
-5.81621e-05
-0.000140067
-3.54533e-05
-0.000101359
-1.86596e-05
-6.57786e-05
-7.56445e-06
-3.56905e-05
-1.62031e-06
-1.32695e-05
-5.27393e-07
-3.91069e-06
2.87829e-05
-1.38369e-05
7.69715e-05
-2.83171e-05
0.000116451
-4.62029e-05
0.000148404
-6.66244e-05
0.000174183
-8.89474e-05
0.00019509
-0.000112722
0.000212231
-0.000137629
0.000226445
-0.000163435
0.000238285
-0.000189954
0.000248038
-0.000217016
0.000255769
-0.000244455
0.000261387
-0.000272093
0.000264697
-0.000299743
0.000265455
-0.000327203
0.000263411
-0.000354259
0.000258332
-0.000380688
0.000250027
-0.000406261
0.000238354
-0.000430743
0.000223231
-0.000453895
0.000204635
-0.000475481
0.000182606
-0.000495261
0.000157249
-0.000512999
0.000128728
-0.000528459
9.72733e-05
-0.000541402
6.31742e-05
-0.000551584
2.67816e-05
-0.000558752
-1.14916e-05
-0.00056264
-5.11611e-05
-0.000562964
-9.16782e-05
-0.000559426
-0.000132407
-0.000551716
-0.000172618
-0.000539533
-0.000211476
-0.000522602
-0.000248033
-0.000500718
-0.000281226
-0.000473787
-0.000309895
-0.000441881
-0.000332818
-0.000405301
-0.000348777
-0.000364624
-0.000356654
-0.000320738
-0.000355563
-0.000274839
-0.000344989
-0.000228389
-0.00032494
-0.000183015
-0.000296064
-0.000140375
-0.000259695
-0.000101993
-0.000217823
-6.90993e-05
-0.00017296
-4.25206e-05
-0.000127937
-2.26175e-05
-8.56817e-05
-9.29085e-06
-4.90172e-05
-2.03436e-06
-2.0526e-05
-2.56175e-06
-3.98958e-06
3.27725e-05
-1.41201e-05
8.7102e-05
-2.89045e-05
0.000131236
-4.71701e-05
0.000166669
-6.80232e-05
0.000195036
-9.08082e-05
0.000217875
-0.000115057
0.00023648
-0.000140438
0.000251826
-0.000166709
0.000264556
-0.000193676
0.000275006
-0.000221172
0.000283265
-0.000249029
0.000289244
-0.000277075
0.000292743
-0.000305125
0.000293506
-0.000332985
0.000291271
-0.000360447
0.000285794
-0.000387297
0.000276876
-0.000413313
0.00026437
-0.000438272
0.00024819
-0.000461951
0.000228314
-0.000484129
0.000204785
-0.00050459
0.00017771
-0.000523125
0.000147263
-0.000539527
0.000113675
-0.000553588
7.72351e-05
-0.000565096
3.82897e-05
-0.000573819
-2.76809e-06
-0.000579516
-4.54641e-05
-0.000581902
-8.92922e-05
-0.000580662
-0.000133647
-0.000575444
-0.000177835
-0.000565874
-0.000221047
-0.000551569
-0.000262338
-0.000532178
-0.000300618
-0.000507429
-0.000334644
-0.000477198
-0.00036305
-0.000441576
-0.000384398
-0.000400956
-0.000397274
-0.000356087
-0.000400432
-0.000308109
-0.000392966
-0.000258535
-0.000374514
-0.000209166
-0.000345433
-0.00016194
-0.000306921
-0.000118736
-0.000261027
-8.11655e-05
-0.00021053
-5.04013e-05
-0.000158701
-2.70731e-05
-0.00010901
-1.1253e-05
-6.48373e-05
-2.51115e-06
-2.92678e-05
-5.07291e-06
-4.00108e-06
3.67735e-05
-1.41817e-05
9.72826e-05
-2.90641e-05
0.000146118
-4.74743e-05
0.000185079
-6.85086e-05
0.000216071
-9.14966e-05
0.000240863
-0.000115955
0.000260938
-0.000141539
0.00027741
-0.000167994
0.000291012
-0.000195123
0.000302134
-0.000222752
0.000310894
-0.000250716
0.000317207
-0.000278842
0.000320869
-0.000306951
0.000321615
-0.000334853
0.000319172
-0.000362346
0.000313287
-0.000389224
0.000303754
-0.000415275
0.000290422
-0.000440291
0.000273206
-0.000464066
0.000252089
-0.000486403
0.000227121
-0.000507114
0.000198422
-0.000526024
0.000166173
-0.000542966
0.000130617
-0.000557776
9.20453e-05
-0.000570285
5.07982e-05
-0.000580308
7.25462e-06
-0.000587627
-3.81446e-05
-0.000591988
-8.4931e-05
-0.00059308
-0.000132556
-0.00059053
-0.000180385
-0.000583909
-0.000227668
-0.000572744
-0.000273504
-0.000556545
-0.000316816
-0.000534861
-0.000356328
-0.000507341
-0.000390569
-0.000473833
-0.000417906
-0.000434476
-0.000436631
-0.000389802
-0.000445106
-0.000340806
-0.000441962
-0.000288971
-0.00042635
-0.000236206
-0.000398197
-0.00018471
-0.000358418
-0.000136738
-0.000308999
-9.43418e-05
-0.000252926
-5.91215e-05
-0.000193922
-3.20611e-05
-0.00013607
-1.34748e-05
-8.34236e-05
-3.0593e-06
-3.96833e-05
-8.1322e-06
-3.94242e-06
4.0716e-05
-1.40126e-05
0.000107353
-2.87786e-05
0.000160884
-4.70886e-05
0.000203389
-6.80431e-05
0.000237025
-9.09643e-05
0.000263784
-0.000115356
0.00028533
-0.000140858
0.000302912
-0.000167207
0.00031736
-0.000194194
0.000329121
-0.000221641
0.000338341
-0.00024938
0.000344946
-0.00027724
0.000348729
-0.000305045
0.00034942
-0.000332606
0.000346734
-0.000359732
0.000340412
-0.000386221
0.000330244
-0.000411878
0.000316078
-0.000436506
0.000297835
-0.000459924
0.000275506
-0.00048196
0.000249158
-0.000502464
0.000218925
-0.0005213
0.000185009
-0.000538347
0.000147664
-0.000553493
0.000107191
-0.000566622
6.39278e-05
-0.000577606
1.82381e-05
-0.000586274
-2.94766e-05
-0.000592415
-7.87903e-05
-0.000595743
-0.000129228
-0.000595893
-0.000180236
-0.000592407
-0.000231153
-0.000584746
-0.000281165
-0.000572306
-0.000329256
-0.000554461
-0.000374173
-0.000530636
-0.000414394
-0.000500402
-0.00044814
-0.000463596
-0.000473438
-0.000420452
-0.000488251
-0.000371721
-0.000490693
-0.000318748
-0.000479323
-0.000263464
-0.000453482
-0.000208264
-0.000413617
-0.000155778
-0.000361486
-0.000108541
-0.000300163
-6.86692e-05
-0.000233794
-3.7598e-05
-0.000167142
-1.59734e-05
-0.000105048
-3.68591e-06
-5.19707e-05
-1.18181e-05
-3.81303e-06
4.4529e-05
-1.36105e-05
0.00011715
-2.80419e-05
0.000175316
-4.60025e-05
0.00022135
-6.66112e-05
0.000257634
-8.91899e-05
0.000286363
-0.000113232
0.000309372
-0.000138363
0.000328044
-0.000164305
0.000343302
-0.000190839
0.000355655
-0.000217779
0.000365282
-0.000244955
0.000372121
-0.000272194
0.000375969
-0.000299322
0.000376547
-0.000326155
0.000373568
-0.000352508
0.000366765
-0.000378192
0.000355927
-0.000403021
0.000340908
-0.000426822
0.000321636
-0.000449436
0.00029812
-0.000470723
0.000270445
-0.000490571
0.000238773
-0.000508888
0.000203326
-0.000525604
0.000164381
-0.000540663
0.000122251
-0.00055401
7.72744e-05
-0.000565575
2.98033e-05
-0.000575252
-1.98002e-05
-0.000582885
-7.11573e-05
-0.000588236
-0.000123876
-0.000590969
-0.000177503
-0.000590633
-0.00023149
-0.000586653
-0.000285145
-0.000578342
-0.000337567
-0.000564934
-0.000387582
-0.00054564
-0.000433688
-0.000519749
-0.00047403
-0.000486763
-0.000506424
-0.000446552
-0.000528462
-0.000399522
-0.000537722
-0.000346762
-0.000532083
-0.000290097
-0.000510147
-0.00023203
-0.000471684
-0.000175516
-0.000418
-0.0001236
-0.00035208
-7.8987e-05
-0.000278407
-4.36776e-05
-0.000202451
-1.87571e-05
-0.000129969
-4.39619e-06
-6.63317e-05
-1.62143e-05
-3.61463e-06
4.81436e-05
-1.29796e-05
0.000126515
-2.68608e-05
0.000189197
-4.42237e-05
0.000238713
-6.42207e-05
0.000277631
-8.61808e-05
0.000308323
-0.000109589
0.00033278
-0.000134058
0.000352513
-0.000159294
0.000368537
-0.000185064
0.000381426
-0.000211175
0.000391392
-0.000237449
0.000398396
-0.000263715
0.000402235
-0.0002898
0.000402632
-0.000315526
0.000399294
-0.000340716
0.000391955
-0.000365193
0.000380404
-0.000388789
0.000364504
-0.000411352
0.000344199
-0.00043275
0.000319517
-0.000452878
0.000290574
-0.000471662
0.000257557
-0.000489056
0.00022072
-0.000505041
0.000180366
-0.000519617
0.000136826
-0.000532789
9.04464e-05
-0.000544552
4.15666e-05
-0.000554863
-9.48896e-06
-0.000563641
-6.238e-05
-0.000570705
-0.000116812
-0.000575775
-0.000172433
-0.000578431
-0.000228833
-0.000578106
-0.00028547
-0.000574071
-0.000341601
-0.000565459
-0.000396194
-0.000551305
-0.000447842
-0.000530638
-0.000494697
-0.000502613
-0.000534448
-0.000466694
-0.000564382
-0.000422859
-0.000581556
-0.000371814
-0.000583128
-0.000315138
-0.000566823
-0.000255303
-0.00053152
-0.000195501
-0.000477801
-0.000139269
-0.000408311
-8.9967e-05
-0.000327709
-5.02683e-05
-0.00024215
-2.18242e-05
-0.000158413
-5.1931e-06
-8.29628e-05
-2.14074e-05
-3.35135e-06
5.1495e-05
-1.21317e-05
0.000135296
-2.52547e-05
0.00020232
-4.17789e-05
0.000255237
-6.09042e-05
0.000296756
-8.19751e-05
0.000329394
-0.000104472
0.000355278
-0.000127994
0.000376034
-0.000152229
0.000392772
-0.000176933
0.000406129
-0.0002019
0.000416359
-0.000226948
0.000423444
-0.000251905
0.000427192
-0.0002766
0.000427328
-0.000300865
0.000423558
-0.000324531
0.000415621
-0.000347438
0.000403311
-0.000369438
0.000386504
-0.000390404
0.000365164
-0.000410232
0.000339346
-0.000428853
0.000309195
-0.000446232
0.000274935
-0.000462365
0.000236853
-0.000477283
0.000195284
-0.000491037
0.00015058
-0.000503688
0.000103098
-0.000515297
5.3175e-05
-0.000525875
1.0891e-06
-0.000535427
-5.28275e-05
-0.000543837
-0.000108402
-0.000550893
-0.000165377
-0.000556242
-0.000223485
-0.000559353
-0.000282358
-0.000559507
-0.000341448
-0.000555786
-0.000399916
-0.000547102
-0.000456526
-0.000532268
-0.000509531
-0.000510118
-0.000556598
-0.000479694
-0.000594806
-0.000440489
-0.000620762
-0.000392715
-0.000630901
-0.000337553
-0.000621985
-0.000277277
-0.000591796
-0.00021518
-0.000539898
-0.000155224
-0.000468267
-0.00010145
-0.000381483
-5.73105e-05
-0.000286289
-2.51615e-05
-0.000190562
-6.07704e-06
-0.000102047
-2.74844e-05
-3.02962e-06
5.45246e-05
-1.10854e-05
0.000143351
-2.32563e-05
0.000214491
-3.87138e-05
0.000270695
-5.67195e-05
0.000314762
-7.66418e-05
0.000349316
-9.79609e-05
0.000376597
-0.000120262
0.000398335
-0.000143217
0.000415728
-0.000166566
0.000429478
-0.000190093
0.000439887
-0.000213612
0.000446962
-0.000236948
0.000450528
-0.000259938
0.000450318
-0.000282423
0.000446043
-0.000304249
0.000437447
-0.000325275
0.000424337
-0.000345376
0.000406605
-0.000364451
0.000384239
-0.000382429
0.000357324
-0.000399274
0.00032604
-0.000414988
0.000290648
-0.000429608
0.000251474
-0.000443205
0.000208881
-0.000455877
0.000163252
-0.000467733
0.000114954
-0.000478881
6.43225e-05
-0.000489427
1.16356e-05
-0.000499388
-4.28666e-05
-0.000508755
-9.90345e-05
-0.000517395
-0.000156738
-0.00052503
-0.000215849
-0.000531206
-0.000276182
-0.000535252
-0.000337402
-0.000536257
-0.00039891
-0.000533076
-0.000459707
-0.000524368
-0.000518239
-0.000508699
-0.000572267
-0.000484714
-0.00061879
-0.000451398
-0.000654079
-0.000408389
-0.00067391
-0.000356325
-0.000674049
-0.000297101
-0.00065102
-0.000233928
-0.000603071
-0.000171069
-0.000531126
-0.000113227
-0.000439326
-6.47176e-05
-0.000334798
-2.87446e-05
-0.000226535
-7.04575e-06
-0.000123746
-3.45302e-05
-2.65805e-06
5.71826e-05
-9.86631e-06
0.00015056
-2.09105e-05
0.000225535
-3.50926e-05
0.000284877
-5.17489e-05
0.000331418
-7.028e-05
0.000367847
-9.01707e-05
0.000396487
-0.000110995
0.000419159
-0.000132409
0.000437142
-0.000154138
0.000451206
-0.000175955
0.000461704
-0.000197668
0.000468676
-0.000219107
0.000471968
-0.000240116
0.000471327
-0.000260548
0.000466475
-0.00028027
0.000457168
-0.000299161
0.000443229
-0.000317125
0.000424569
-0.000334088
0.000401203
-0.000350014
0.000373249
-0.000364898
0.000340924
-0.000378776
0.000304526
-0.00039172
0.000264418
-0.000403837
0.000220998
-0.000415258
0.000174673
-0.000426132
0.000125828
-0.000436612
7.48021e-05
-0.00044684
2.18644e-05
-0.000456914
-3.2793e-05
-0.00046688
-8.90685e-05
-0.000476688
-0.000146929
-0.000486156
-0.000206382
-0.000494921
-0.000267416
-0.000502402
-0.000329922
-0.000507748
-0.000393564
-0.000509823
-0.000457632
-0.00050721
-0.000520851
-0.000498284
-0.000581194
-0.000481352
-0.000635722
-0.000454908
-0.000680522
-0.00041798
-0.000710838
-0.000370547
-0.000721482
-0.000313944
-0.000707624
-0.000251086
-0.000665929
-0.000186361
-0.000595851
-0.000125049
-0.000500637
-7.23779e-05
-0.00038747
-3.2538e-05
-0.000266375
-8.09425e-06
-0.00014819
-4.26244e-05
-2.2471e-06
5.94297e-05
-8.50611e-06
0.000156819
-1.82741e-05
0.000235303
-3.09972e-05
0.0002976
-4.6098e-05
0.000346519
-6.30179e-05
0.000384767
-8.12519e-05
0.000414721
-0.000100366
0.000438274
-0.000120003
0.000456779
-0.000139872
0.000471075
-0.000159738
0.000481569
-0.000179405
0.000488343
-0.000198709
0.000491271
-0.000217503
0.000490121
-0.00023566
0.000484632
-0.000253067
0.000474575
-0.000269631
0.000459793
-0.000285285
0.000440222
-0.000299989
0.000415906
-0.000313734
0.000386995
-0.000326551
0.000353741
-0.000338506
0.00031648
-0.000349697
0.00027561
-0.000360259
0.000231559
-0.000370348
0.000184762
-0.00038014
0.00013562
-0.000389816
8.44788e-05
-0.000399554
3.16016e-05
-0.0004095
-2.28467e-05
-0.000419758
-7.88099e-05
-0.000430355
-0.000136333
-0.000441199
-0.000195538
-0.000452036
-0.000256579
-0.000462398
-0.00031956
-0.00047154
-0.000384423
-0.000478396
-0.000450775
-0.000481558
-0.000517689
-0.000479295
-0.000583457
-0.000469667
-0.00064535
-0.000450738
-0.000699451
-0.000420931
-0.000740645
-0.000379501
-0.000762912
-0.000327062
-0.000760063
-0.000266012
-0.000726979
-0.000200633
-0.00066123
-0.000136638
-0.000564632
-8.01596e-05
-0.000443948
-3.64966e-05
-0.000310038
-9.21512e-06
-0.000175471
-5.18396e-05
-1.80878e-06
6.12385e-05
-7.0417e-06
0.000162052
-1.5414e-05
0.000243675
-2.65252e-05
0.000308711
-3.98936e-05
0.000359887
-5.501e-05
0.000399884
-7.13856e-05
0.000431097
-8.85837e-05
0.000455472
-0.000106234
0.000474429
-0.000124034
0.000488876
-0.000141741
0.000499276
-0.000159159
0.000505761
-0.000176129
0.000508241
-0.00019252
0.000506513
-0.000208227
0.000500338
-0.000223162
0.000489511
-0.000237264
0.000473895
-0.000250497
0.000453455
-0.000262853
0.000428262
-0.000274358
0.0003985
-0.00028507
0.000364453
-0.000295081
0.000326491
-0.000304514
0.000285043
-0.000313519
0.000240565
-0.00032227
0.000193513
-0.000330957
0.000144306
-0.000339777
9.32988e-05
-0.000348927
4.07517e-05
-0.000358588
-1.31859e-05
-0.000368907
-6.84906e-05
-0.000379974
-0.000125266
-0.000391783
-0.000183729
-0.000404189
-0.000244173
-0.000416848
-0.000306901
-0.000429153
-0.000372117
-0.000440163
-0.000439766
-0.000448548
-0.000509305
-0.000452571
-0.000579433
-0.000450147
-0.000647774
-0.000439008
-0.000710591
-0.000417028
-0.000762625
-0.000382719
-0.00079722
-0.000335862
-0.00080692
-0.000278126
-0.000784715
-0.000213427
-0.000725929
-0.000147703
-0.000630356
-8.79179e-05
-0.000503733
-4.05684e-05
-0.000357387
-1.03989e-05
-0.000205641
-6.22385e-05
-1.35617e-06
6.25947e-05
-5.5142e-06
0.00016621
-1.24061e-05
0.000250567
-2.17883e-05
0.000318093
-3.32817e-05
0.000371381
-4.64343e-05
0.000413036
-6.07804e-05
0.000445443
-7.58853e-05
0.000470577
-9.1371e-05
0.000489915
-0.000106925
0.00050443
-0.000122299
0.00051465
-0.000137299
0.000520761
-0.000151777
0.00052272
-0.000165621
0.000520356
-0.000178747
0.000513464
-0.0001911
0.000501864
-0.000202653
0.000485447
-0.000213401
0.000464204
-0.000223374
0.000438235
-0.000232627
0.000407753
-0.000241247
0.000373073
-0.000249346
0.000334591
-0.000257066
0.000292762
-0.000264567
0.000248066
-0.00027203
0.000200976
-0.000279648
0.000151924
-0.000287623
0.000101274
-0.00029616
4.92883e-05
-0.000305454
-3.89108e-06
-0.000315684
-5.82612e-05
-0.000326984
-0.000113966
-0.000339422
-0.000171292
-0.00035295
-0.000230644
-0.000367354
-0.000292497
-0.000382177
-0.000357295
-0.000396637
-0.000425306
-0.000409546
-0.000496396
-0.000419251
-0.000569728
-0.000423631
-0.000643394
-0.000420203
-0.000714018
-0.000406393
-0.000776435
-0.00038001
-0.000823603
-0.000339943
-0.000846988
-0.000286954
-0.000837704
-0.000224329
-0.000788553
-0.00015796
-0.000696724
-9.55043e-05
-0.00056619
-4.46981e-05
-0.000408193
-1.16351e-05
-0.000238704
-7.38736e-05
-9.03064e-07
6.34978e-05
-3.96782e-06
0.000169274
-9.33289e-06
0.000255932
-1.69094e-05
0.00032567
-2.64245e-05
0.000380896
-3.74894e-05
0.000424101
-4.96686e-05
0.000457622
-6.25356e-05
0.000483444
-7.57094e-05
0.000503089
-8.88718e-05
0.000517592
-0.000101772
0.00052755
-0.000114222
0.000533211
-0.000126085
0.000534583
-0.000137272
0.000531542
-0.000147726
0.000523919
-0.000157427
0.000511565
-0.000166379
0.0004944
-0.000174619
0.000472444
-0.000182207
0.000445823
-0.000189231
0.000414777
-0.000195801
0.000379643
-0.000202051
0.000340841
-0.000208132
0.000298844
-0.000214212
0.000254146
-0.000220469
0.000207233
-0.000227093
0.000158549
-0.000234281
0.000108462
-0.000242232
5.7239e-05
-0.000251144
5.0214e-06
-0.000261208
-4.81975e-05
-0.000272589
-0.000102585
-0.000285408
-0.000158473
-0.000299701
-0.000216351
-0.00031537
-0.000276828
-0.000332109
-0.000340555
-0.000349315
-0.0004081
-0.000365986
-0.000479725
-0.000380625
-0.00055509
-0.000391182
-0.000632837
-0.000395088
-0.000710112
-0.000389447
-0.000782077
-0.000371456
-0.000841594
-0.000339116
-0.000879328
-0.000292159
-0.000884661
-0.000232988
-0.000847724
-0.00016715
-0.000762563
-0.000102776
-0.000630563
-4.88316e-05
-0.000462138
-1.2913e-05
-0.000274622
-8.67866e-05
-4.63457e-07
6.39612e-05
-2.44889e-06
0.00017126
-6.2823e-06
0.000259766
-1.20211e-05
0.000331409
-1.94978e-05
0.000388372
-2.83911e-05
0.000432995
-3.83024e-05
0.000467534
-4.88202e-05
0.000493962
-5.95663e-05
0.000513835
-7.0222e-05
0.000528248
-8.05383e-05
0.000537866
-9.03348e-05
0.000543007
-9.94923e-05
0.000543741
-0.000107944
0.000539994
-0.000115665
0.00053164
-0.000122669
0.000518569
-0.000129
0.000500731
-0.000134728
0.000478172
-0.00013995
0.000451045
-0.000144782
0.000419609
-0.00014936
0.000384221
-0.000153832
0.000345313
-0.000158359
0.00030337
-0.000163108
0.000258895
-0.000168254
0.000212379
-0.000173976
0.000164271
-0.000180457
0.000114942
-0.000187882
6.46646e-05
-0.000196443
1.35815e-05
-0.000206326
-3.83143e-05
-0.000217711
-9.11991e-05
-0.000230753
-0.000145431
-0.000245551
-0.000201553
-0.000262104
-0.000260274
-0.000280247
-0.000322412
-0.000299556
-0.000388791
-0.000319237
-0.000460044
-0.000338003
-0.000536324
-0.000353967
-0.000616873
-0.0003646
-0.000699479
-0.000366827
-0.00077985
-0.000357367
-0.000851054
-0.000333393
-0.000903302
-0.000293549
-0.000924505
-0.000239142
-0.000902131
-0.000175051
-0.000826654
-0.000109608
-0.000696006
-5.29204e-05
-0.000518825
-1.42234e-05
-0.000313319
-0.00010101
-5.32763e-08
6.40145e-05
-1.00455e-06
0.000172211
-3.34607e-06
0.000262107
-7.2632e-06
0.000335326
-1.26886e-05
0.000393798
-1.93698e-05
0.000439676
-2.69506e-05
0.000475114
-3.50418e-05
0.000502053
-4.3275e-05
0.000522068
-5.13368e-05
0.000536309
-5.8985e-05
0.000545515
-6.60512e-05
0.000550073
-7.24355e-05
0.000550125
-7.80973e-05
0.000545656
-8.3045e-05
0.000536588
-8.7328e-05
0.000522851
-9.10281e-05
0.000504431
-9.42539e-05
0.000481398
-9.71348e-05
0.000453926
-9.98166e-05
0.000422291
-0.000102456
0.00038686
-0.000105216
0.000348073
-0.000108263
0.000306418
-0.000111765
0.000262397
-0.000115887
0.000216501
-0.000120793
0.000169177
-0.00012665
0.000120799
-0.000133624
7.16388e-05
-0.000141888
2.1845e-05
-0.000151617
-2.85852e-05
-0.000162989
-7.9827e-05
-0.000176174
-0.000132247
-0.000191311
-0.000186416
-0.000208476
-0.000243109
-0.00022762
-0.000303268
-0.000248486
-0.000367925
-0.000270491
-0.000438038
-0.000292593
-0.000514222
-0.000313134
-0.000596331
-0.000329738
-0.000682875
-0.000339302
-0.000770286
-0.00033822
-0.000852135
-0.000322957
-0.000918565
-0.000291071
-0.000956392
-0.000242614
-0.000950588
-0.00018149
-0.000887778
-0.000115894
-0.000761602
-5.69265e-05
-0.000577793
-1.55597e-05
-0.000354686
-0.00011657
3.18575e-07
6.36959e-05
3.17579e-07
0.000172212
-6.17006e-07
0.000263042
-2.7813e-06
0.00033749
-6.19405e-06
0.000397211
-1.06679e-05
0.00044415
-1.58958e-05
0.000480342
-2.1517e-05
0.000507674
-2.71806e-05
0.000527731
-3.25861e-05
0.000541715
-3.75038e-05
0.000550432
-4.1782e-05
0.000554352
-4.53434e-05
0.000553686
-4.81759e-05
0.000548488
-5.03224e-05
0.000538735
-5.18691e-05
0.000524398
-5.2936e-05
0.000505498
-5.36686e-05
0.00048213
-5.42293e-05
0.000454486
-5.47912e-05
0.000422853
-5.55316e-05
0.0003876
-5.66271e-05
0.000349169
-5.82495e-05
0.00030804
-6.05631e-05
0.00026471
-6.37248e-05
0.000219663
-6.78842e-05
0.000173337
-7.3187e-05
0.000126102
-7.97782e-05
7.82301e-05
-8.78069e-05
2.98737e-05
-9.74294e-05
-1.89627e-05
-0.000108809
-6.84473e-05
-0.000122115
-0.000118941
-0.000137506
-0.000171024
-0.000155108
-0.000225507
-0.000174963
-0.000283414
-0.000196955
-0.000345933
-0.000220704
-0.00041429
-0.000245417
-0.00048951
-0.000269714
-0.000572033
-0.000291463
-0.000661126
-0.000307672
-0.000754077
-0.000314582
-0.000845226
-0.000308103
-0.000925044
-0.000284779
-0.000979715
-0.000243312
-0.000992055
-0.000186342
-0.000944748
-0.000121558
-0.000826385
-6.08255e-05
-0.000638526
-1.69199e-05
-0.000398592
-0.00013349
6.32255e-07
6.30637e-05
1.46436e-06
0.00017138
1.80113e-06
0.000262705
1.27223e-06
0.000338019
-2.13735e-07
0.000398697
-2.53845e-06
0.000446474
-5.43276e-06
0.000483237
-8.57354e-06
0.000510815
-1.16373e-05
0.000530795
-1.43445e-05
0.000544422
-1.64857e-05
0.000552573
-1.79313e-05
0.000555797
-1.86303e-05
0.000554385
-1.86022e-05
0.00054846
-1.79245e-05
0.000538057
-1.6721e-05
0.000523195
-1.51497e-05
0.000503926
-1.33914e-05
0.000480372
-1.16406e-05
0.000452736
-1.00966e-05
0.000421309
-8.95643e-06
0.00038646
-8.40902e-06
0.000348621
-8.63124e-06
0.000308262
-9.78568e-06
0.000265865
-1.20205e-05
0.000221898
-1.5471e-05
0.000176787
-2.02635e-05
0.000130894
-2.652e-05
8.44866e-05
-3.43644e-05
3.77181e-05
-4.39303e-05
-9.39677e-06
-5.53547e-05
-5.70228e-05
-6.87949e-05
-0.000105501
-8.44119e-05
-0.000155407
-0.000102356
-0.000207563
-0.00012273
-0.000263039
-0.000145534
-0.00032313
-0.000170561
-0.000389263
-0.000197261
-0.00046281
-0.000224554
-0.00054474
-0.000250616
-0.000635064
-0.00027269
-0.000732003
-0.000287033
-0.000830883
-0.000289185
-0.000922891
-0.0002748
-0.0009941
-0.000241202
-0.00102565
-0.000189521
-0.000996428
-0.000126548
-0.000889359
-6.46093e-05
-0.000700465
-1.83073e-05
-0.000444894
-0.000151797
8.77151e-07
6.21865e-05
2.39064e-06
0.000169866
3.81198e-06
0.000261284
4.73438e-06
0.000337096
5.021e-06
0.00039841
4.74941e-06
0.000446746
4.1316e-06
0.000483855
3.45036e-06
0.000511496
2.99397e-06
0.000531252
3.0109e-06
0.000544405
3.68178e-06
0.000551903
5.10687e-06
0.000554372
7.30592e-06
0.000552186
1.02258e-05
0.00054554
1.37527e-05
0.00053453
1.77254e-05
0.000519222
2.19494e-05
0.000499702
2.62092e-05
0.000476112
3.028e-05
0.000448665
3.39373e-05
0.000417651
3.6965e-05
0.000383432
3.9162e-05
0.000346424
4.03459e-05
0.000307078
4.03551e-05
0.000265856
3.90485e-05
0.000223204
3.63034e-05
0.000179532
3.20109e-05
0.000135187
2.60707e-05
9.04267e-05
1.83865e-05
4.54023e-05
8.84091e-06
1.48841e-07
-2.65938e-06
-4.55225e-05
-1.6259e-05
-9.19011e-05
-3.21029e-05
-0.000139564
-5.03456e-05
-0.00018932
-7.11264e-05
-0.000242258
-9.45237e-05
-0.000299732
-0.000120475
-0.000363311
-0.000148651
-0.000434634
-0.00017827
-0.000515122
-0.000207857
-0.000605477
-0.000234987
-0.000704873
-0.000256094
-0.000809776
-0.000266547
-0.000912438
-0.00026128
-0.000999368
-0.000236274
-0.00105066
-0.000190964
-0.00104174
-0.000130831
-0.000949492
-6.82863e-05
-0.000763009
-1.97326e-05
-0.000493447
-0.000171529
1.03812e-06
6.11484e-05
3.03998e-06
0.000167865
5.30523e-06
0.000259018
7.44059e-06
0.000334961
9.29793e-06
0.000396553
1.09204e-05
0.000445123
1.24784e-05
0.000482297
1.42064e-05
0.000509768
1.6346e-05
0.000529112
1.91026e-05
0.000541649
2.26167e-05
0.000548388
2.69507e-05
0.000550038
3.20869e-05
0.00054705
3.7935e-05
0.000539692
4.43433e-05
0.000528122
5.11136e-05
0.000512452
5.8016e-05
0.0004928
6.48022e-05
0.000469326
7.12187e-05
0.000442248
7.70175e-05
0.000411853
8.19645e-05
0.000378485
8.58463e-05
0.000342543
8.84742e-05
0.00030445
8.9686e-05
0.000264644
8.93454e-05
0.000223545
8.73395e-05
0.000181538
8.35739e-05
0.000138952
7.79675e-05
9.60332e-05
7.0443e-05
5.29268e-05
6.09372e-05
9.65468e-06
4.93422e-05
-3.39275e-05
3.55697e-05
-7.81286e-05
1.94944e-05
-0.000123488
9.73309e-07
-0.000170799
-2.01446e-05
-0.00022114
-4.39885e-05
-0.000275888
-7.06052e-05
-0.000336695
-9.98522e-05
-0.000405387
-0.000131228
-0.000483746
-0.000163626
-0.000573079
-0.000195022
-0.000673477
-0.000222169
-0.000782629
-0.000240466
-0.000894141
-0.000244332
-0.000995502
-0.000228511
-0.00106648
-0.000190605
-0.00107964
-0.00013438
-0.00100572
-7.18804e-05
-0.000825509
-2.12148e-05
-0.000544113
-0.000192744
1.09806e-06
6.00503e-05
3.35056e-06
0.000165612
6.15779e-06
0.000256211
9.20122e-06
0.000331918
1.23631e-05
0.000393391
1.56766e-05
0.00044181
1.9274e-05
0.000478699
2.33366e-05
0.000505706
2.80474e-05
0.000524401
3.35544e-05
0.000536142
3.99447e-05
0.000541998
4.72319e-05
0.000542751
5.53532e-05
0.000538929
6.41763e-05
0.000530869
7.35101e-05
0.000518788
8.31195e-05
0.000502842
9.27402e-05
0.000483179
0.000102094
0.000459973
0.0001109
0.000433442
0.000118888
0.000403864
0.000125808
0.000371565
0.000131435
0.000336916
0.000135572
0.000300313
0.000138056
0.00026216
0.000138753
0.000222848
0.000137557
0.000182735
0.000134385
0.000142124
0.000129174
0.000101245
0.000121868
6.0232e-05
0.000112421
1.91019e-05
0.00010077
-2.22764e-05
8.68481e-05
-6.42066e-05
7.05624e-05
-0.000107203
5.17931e-05
-0.00015203
3.03955e-05
-0.000199743
6.21512e-06
-0.000251708
-2.08706e-05
-0.000309609
-5.08709e-05
-0.000375387
-8.35363e-05
-0.000451081
-0.000118119
-0.000538496
-0.000153043
-0.000638553
-0.000185494
-0.000750178
-0.000211098
-0.000868537
-0.000223991
-0.000982609
-0.000217839
-0.00107263
-0.000188343
-0.00110914
-0.000137161
-0.0010569
-7.54279e-05
-0.000887242
-2.27834e-05
-0.000596758
-0.000215528
1.03523e-06
5.90151e-05
3.24591e-06
0.000163401
6.22283e-06
0.000253234
9.79909e-06
0.000328341
1.39393e-05
0.00038925
1.86936e-05
0.000437056
2.41631e-05
0.00047323
3.04686e-05
0.0004994
3.77204e-05
0.000517149
4.5992e-05
0.00052787
5.5301e-05
0.000532689
6.55986e-05
0.000532454
7.67676e-05
0.00052776
8.86278e-05
0.000519009
0.000100946
0.00050647
0.000113451
0.000490338
0.000125844
0.000470786
0.00013782
0.000447997
0.000149074
0.000422188
0.000159318
0.000393621
0.000168283
0.0003626
0.000175735
0.000329464
0.000181471
0.000294578
0.000185322
0.000258308
0.000187158
0.000221012
0.000186877
0.000183016
0.000184406
0.000144595
0.000179694
0.000105956
0.000172706
6.72196e-05
0.000163416
2.83926e-05
0.000151791
-1.06519e-05
0.000137797
-5.02122e-05
0.000121371
-9.0777e-05
0.000102424
-0.000133083
8.08269e-05
-0.000178146
5.64199e-05
-0.000227301
2.90306e-05
-0.000282219
-1.46766e-06
-0.000344888
-3.50352e-05
-0.000417513
-7.12682e-05
-0.000502263
-0.000109051
-0.00060077
-0.000146094
-0.000713135
-0.000178428
-0.000836204
-0.000200155
-0.000960881
-0.000204082
-0.00106871
-0.000184006
-0.00112922
-0.000139109
-0.0011018
-7.89745e-05
-0.000947376
-2.44818e-05
-0.00065125
-0.000240009
8.19133e-07
5.8196e-05
2.62397e-06
0.000161597
5.31312e-06
0.000250545
8.96988e-06
0.000324685
1.3703e-05
0.000384517
1.9609e-05
0.00043115
2.67629e-05
0.000466076
3.52146e-05
0.000490948
4.4983e-05
0.000507381
5.60465e-05
0.000516807
6.83339e-05
0.000520402
8.17185e-05
0.000519069
9.60173e-05
0.000513461
0.000110995
0.000504031
0.000126374
0.00049109
0.000141845
0.000474867
0.00015708
0.000455551
0.000171747
0.00043333
0.000185521
0.000408414
0.000198096
0.000381046
0.000209193
0.000351502
0.000218567
0.000320091
0.000226008
0.000287136
0.000231348
0.000252969
0.000234452
0.000217907
0.000235226
0.000182242
0.000233604
0.000146217
0.000229546
0.000110015
0.000223033
7.37323e-05
0.00021406
3.73656e-05
0.000202616
7.91499e-07
0.000188702
-3.62979e-05
0.000172282
-7.43564e-05
0.000153294
-0.000114095
0.000131634
-0.000156486
0.000107145
-0.000202812
7.96256e-05
-0.0002547
4.88625e-05
-0.000314125
1.47129e-05
-0.000383363
-2.27185e-05
-0.000464832
-6.2774e-05
-0.000560715
-0.000103745
-0.000672163
-0.000142226
-0.000797724
-0.000172545
-0.000930562
-0.000186912
-0.00105434
-0.00017731
-0.00113882
-0.000140097
-0.00113901
-8.25691e-05
-0.0010049
-2.63747e-05
-0.000707445
-0.000266384
4.14101e-07
5.77819e-05
1.33816e-06
0.000160673
3.17511e-06
0.000248708
6.37524e-06
0.000321485
1.12623e-05
0.00037963
1.80062e-05
0.000424406
2.66542e-05
0.000457428
3.71678e-05
0.000480435
4.94499e-05
0.000495099
6.33585e-05
0.000502898
7.8711e-05
0.000505049
9.52853e-05
0.000502495
0.00011282
0.000495926
0.000131017
0.000485833
0.000149551
0.000472556
0.000168075
0.000456343
0.000186233
0.000437393
0.00020367
0.000415893
0.000220046
0.000392038
0.000235041
0.00036605
0.000248368
0.000338176
0.000259774
0.000308684
0.000269048
0.000277863
0.000276017
0.000245999
0.000280552
0.000213373
0.00028256
0.000180235
0.000281982
0.000146795
0.000278789
0.000113207
0.000272977
7.95442e-05
0.000264555
4.57876e-05
0.000253547
1.18002e-05
0.000239954
-2.27053e-05
0.00022378
-5.81819e-05
0.000204985
-9.53002e-05
0.000183483
-0.000134984
0.000159123
-0.000178452
0.000131684
-0.000227261
0.000100887
-0.000283328
6.64461e-05
-0.000348922
2.81982e-05
-0.000426584
-1.36282e-05
-0.000518888
-5.79332e-05
-0.000627858
-0.000102001
-0.000753656
-0.000140645
-0.000891919
-0.000165799
-0.00102918
-0.0001678
-0.00113682
-0.000139901
-0.00116691
-8.62568e-05
-0.00105855
-2.85598e-05
-0.000765142
-0.000294944
-2.9442e-07
5.80763e-05
-8.36707e-07
0.000161215
-5.47908e-07
0.000248419
1.57026e-06
0.000319366
6.12862e-06
0.000375072
1.3396e-05
0.000417138
2.33738e-05
0.00044745
3.59042e-05
0.000467904
5.07405e-05
0.000480262
6.75896e-05
0.000486049
8.61326e-05
0.000486506
0.000106032
0.000482595
0.000126937
0.000475022
0.000148479
0.000464291
0.000170282
0.000450754
0.000191961
0.000434664
0.000213136
0.000416218
0.000233435
0.000395594
0.000252506
0.000372968
0.000270021
0.000348535
0.00028569
0.000322506
0.000299259
0.000295116
0.000310515
0.000266606
0.00031929
0.000237225
0.000325455
0.000207207
0.000328925
0.000176765
0.000329649
0.000146072
0.000327608
0.000115248
0.000322808
8.43441e-05
0.000315274
5.33219e-05
0.000305039
2.20353e-05
0.000292129
-9.79535e-06
0.000276558
-4.2611e-05
0.000258303
-7.7045e-05
0.000237286
-0.000113967
0.000213358
-0.000154524
0.000186278
-0.000200181
0.00015571
-0.00025276
0.00012125
-0.000314463
8.25111e-05
-0.000387845
3.93302e-05
-0.000475707
-7.79542e-06
-0.000580732
-5.69455e-05
-0.000704506
-0.000103645
-0.000845219
-0.000139935
-0.000992894
-0.000154785
-0.00112197
-0.000138144
-0.00118355
-9.00629e-05
-0.00110663
-3.11884e-05
-0.000824016
-0.000326132
-1.38008e-06
5.94564e-05
-4.23447e-06
0.000164069
-6.37676e-06
0.000250562
-6.06209e-06
0.000319052
-2.31029e-06
0.00037132
5.20673e-06
0.000409621
1.64157e-05
0.000436241
3.09955e-05
0.000453325
4.85006e-05
0.000462757
6.84502e-05
0.000466099
9.0362e-05
0.000464594
0.000113767
0.00045919
0.000138209
0.000450579
0.000163249
0.000439251
0.000188456
0.000425546
0.000213414
0.000409706
0.000237719
0.000391913
0.00026099
0.000372323
0.000282868
0.00035109
0.000303028
0.000328374
0.00032118
0.000304354
0.000337075
0.000279221
0.000350506
0.000253176
0.00036131
0.000226421
0.000369368
0.000199149
0.000374601
0.000171532
0.000376966
0.000143706
0.000376455
0.00011576
0.000373081
8.7718e-05
0.000366878
5.9525e-05
0.000357886
3.10272e-05
0.000346139
1.95147e-06
0.000331654
-2.81265e-05
0.000314409
-5.97997e-05
0.000294322
-9.38799e-05
0.000271228
-0.000131431
0.000244861
-0.000173813
0.00021483
-0.00022273
0.000180628
-0.00028026
0.000141675
-0.000348892
9.74673e-05
-0.000431499
4.79319e-05
-0.000531197
-5.83621e-06
-0.000650737
-6.03717e-05
-0.000790683
-0.000108158
-0.000945108
-0.000137246
-0.00109288
-0.000134214
-0.00118658
-9.39595e-05
-0.00114688
-3.44937e-05
-0.000883482
-0.000360626
-3.08996e-06
6.25463e-05
-9.3902e-06
0.000170369
-1.5054e-05
0.000256226
-1.7331e-05
0.000321329
-1.48435e-05
0.000368833
-7.22252e-06
0.000402
5.27068e-06
0.000423748
2.20638e-05
0.000436531
4.24692e-05
0.000442352
6.57753e-05
0.000442793
9.13104e-05
0.000439059
0.000118458
0.000432043
0.000146655
0.000422382
0.000175385
0.000410521
0.000204169
0.000396762
0.000232562
0.000381313
0.000260146
0.000364328
0.000286537
0.000345932
0.000311381
0.000326246
0.000334359
0.000305397
0.000355191
0.000283522
0.000373641
0.000260772
0.000389512
0.000237304
0.000402654
0.000213279
0.000412958
0.000188845
0.000420354
0.000164136
0.000424808
0.000139251
0.000426318
0.00011425
0.000424903
8.9133e-05
0.000420598
6.38307e-05
0.00041344
3.81852e-05
0.00040346
1.19312e-05
0.000390661
-1.53281e-05
0.000375008
-4.41459e-05
0.000356395
-7.52673e-05
0.00033463
-0.000109666
0.000309401
-0.000148585
0.000280257
-0.000193585
0.000246591
-0.000246595
0.000207658
-0.000309959
0.000162661
-0.000386502
0.000111006
-0.000479543
5.29429e-05
-0.000592674
-9.13573e-06
-0.000728605
-6.88334e-05
-0.00088541
-0.000113693
-0.00104802
-0.00012712
-0.00117315
-9.77849e-05
-0.00117622
-3.88198e-05
-0.000942447
-0.000399446
-5.78533e-06
6.83317e-05
-1.71188e-05
0.000181703
-2.76244e-05
0.000266731
-3.32656e-05
0.00032697
-3.23094e-05
0.000367876
-2.45156e-05
0.000394207
-1.04521e-05
0.000409684
8.95089e-06
0.000417128
3.26743e-05
0.000418629
5.97417e-05
0.000415726
8.9273e-05
0.000409528
0.000120498
0.000400818
0.000152746
0.000390134
0.000185432
0.000377836
0.000218035
0.000364159
0.000250092
0.000349257
0.000281181
0.000333239
0.000310922
0.00031619
0.000338976
0.000298192
0.000365041
0.000279333
0.000388853
0.000259709
0.000410195
0.00023943
0.000428888
0.000218612
0.000444795
0.000197372
0.000457819
0.00017582
0.000467902
0.000154053
0.000475016
0.000132138
0.000479159
0.000110107
0.000480348
8.79433e-05
0.000478612
6.55669e-05
0.000473975
4.28217e-05
0.00046645
1.94568e-05
0.000456015
-4.89276e-06
0.0004426
-3.07314e-05
0.000426064
-5.87309e-05
0.000406163
-8.97651e-05
0.000382529
-0.00012495
0.000354634
-0.00016569
0.00032177
-0.000213731
0.000283042
-0.000271231
0.000237401
-0.00034086
0.000183802
-0.000425944
0.000121687
-0.000530559
5.21656e-05
-0.000659083
-1.96622e-05
-0.000813583
-8.19675e-05
-0.000985715
-0.000115265
-0.00113986
-0.000101069
-0.00119041
-4.46195e-05
-0.000998897
-0.000444065
-1.00939e-05
7.84256e-05
-2.86404e-05
0.000200249
-4.54539e-05
0.000283545
-5.5007e-05
0.000336523
-5.54389e-05
0.000368308
-4.69223e-05
0.00038569
-3.0565e-05
0.000393327
-7.78925e-06
0.000394353
1.99788e-05
0.000390861
5.14636e-05
0.000384241
8.55692e-05
0.000375422
0.000121378
0.000365009
0.000158128
0.000353385
0.000195176
0.000340788
0.000231977
0.000327357
0.000268061
0.000313173
0.000303016
0.000298284
0.000336479
0.000282728
0.00036813
0.000266541
0.000397693
0.00024977
0.00042493
0.000232472
0.000449643
0.000214717
0.000471674
0.000196581
0.000490902
0.000178144
0.000507242
0.00015948
0.000520641
0.000140654
0.000531072
0.000121707
0.000538531
0.000102649
0.000543023
8.34507e-05
0.000544561
6.40294e-05
0.000543146
4.42369e-05
0.000538758
2.38441e-05
0.000531342
2.5242e-06
0.00052078
-2.01702e-05
0.000506879
-4.483e-05
0.000489335
-7.22204e-05
0.000467704
-0.000103319
0.000441373
-0.00013936
0.000409527
-0.000181885
0.000371124
-0.000232828
0.000324896
-0.000294632
0.000269416
-0.000370464
0.0002034
-0.000464543
0.000126648
-0.000582331
4.23612e-05
-0.000729296
-3.89205e-05
-0.000904433
-9.60553e-05
-0.00108272
-0.000102675
-0.00118379
-5.23433e-05
-0.00104923
-0.000496409
-1.70795e-05
9.55051e-05
-4.56747e-05
0.000228845
-7.00496e-05
0.00030792
-8.331e-05
0.000349783
-8.40523e-05
0.000369051
-7.33563e-05
0.000374994
-5.31803e-05
0.000373151
-2.56074e-05
0.00036678
7.47472e-06
0.000357778
4.44722e-05
0.000347243
8.40916e-05
0.000335803
0.000125296
0.000323804
0.000167257
0.000311424
0.000209305
0.00029874
0.000250892
0.00028577
0.00029156
0.000272505
0.000330919
0.000258925
0.000368636
0.000245011
0.000404422
0.000230755
0.00043803
0.000216162
0.000469249
0.000201252
0.000497908
0.000186058
0.000523865
0.000170623
0.000547015
0.000154994
0.000567281
0.000139215
0.00058461
0.000123325
0.000598973
0.000107344
0.000610353
9.12689e-05
0.00061874
7.50636e-05
0.000624121
5.86484e-05
0.000626468
4.18897e-05
0.000625725
2.4587e-05
0.000621791
6.4589e-06
0.000614499
-1.28791e-05
0.000603598
-3.39288e-05
0.000588716
-5.73379e-05
0.000569332
-8.39352e-05
0.000544741
-0.000114769
0.000514018
-0.000151162
0.000475978
-0.000194789
0.000429155
-0.000247808
0.000371797
-0.000313106
0.000301997
-0.000394743
0.000218291
-0.000498625
0.000121664
-0.000632669
2.01746e-05
-0.000802943
-6.52774e-05
-0.000997271
-0.000100085
-0.00114899
-6.20569e-05
-0.00108726
-0.000558466
-2.85096e-05
0.000124015
-7.03327e-05
0.000270668
-0.000102226
0.000339812
-0.00011701
0.000364568
-0.000114974
0.000367015
-9.88716e-05
0.000358892
-7.18967e-05
0.000346176
-3.69408e-05
0.000331824
3.61959e-06
0.000317218
4.79179e-05
0.000302945
9.45218e-05
0.000289199
0.000142338
0.000275988
0.000190527
0.000263234
0.000238441
0.000250826
0.000285564
0.000238647
0.000331481
0.000226589
0.000375845
0.00021456
0.000418367
0.000202489
0.000458801
0.000190322
0.000496934
0.000178028
0.00053259
0.000165596
0.000565619
0.000153028
0.000595903
0.000140339
0.000623347
0.00012755
0.000647878
0.000114683
0.000669446
0.000101757
0.000688011
8.87786e-05
0.000703544
7.57355e-05
0.000716017
6.25912e-05
0.00072539
4.92748e-05
0.000731607
3.56731e-05
0.000734575
2.1619e-05
0.000734151
6.88273e-06
0.000730127
-8.85467e-06
0.000722196
-2.59977e-05
0.000709925
-4.50676e-05
0.000692727
-6.67365e-05
0.000669812
-9.18549e-05
0.000640154
-0.000121503
0.000602435
-0.00015707
0.000555006
-0.00020038
0.000495837
-0.000253937
0.000422499
-0.000321405
0.000332398
-0.000408524
0.000224105
-0.000524376
0.000101874
-0.000680713
-1.5206e-05
-0.00088019
-8.81089e-05
-0.00107608
-7.2566e-05
-0.0011028
-0.000631032
-4.71547e-05
0.000171169
-0.000104147
0.00032766
-0.000139302
0.000374968
-0.000148758
0.000374023
-0.000136794
0.000355051
-0.000108869
0.000330966
-6.97557e-05
0.000307063
-2.31682e-05
0.000285236
2.81552e-05
0.000265895
8.22437e-05
0.000248857
0.000137688
0.000233755
0.000193477
0.000220199
0.000248878
0.000207833
0.000303348
0.000196357
0.000356471
0.000185523
0.000407925
0.000175136
0.000457444
0.000165042
0.000504808
0.000155124
0.000549831
0.000145299
0.000592351
0.000135508
0.000632233
0.000125715
0.000669358
0.000115903
0.000703632
0.000106065
0.000734976
9.62066e-05
0.000763326
8.63334e-05
0.000788633
7.64506e-05
0.000810855
6.65564e-05
0.000829954
5.66361e-05
0.000845889
4.66564e-05
0.000858605
3.65591e-05
0.000868023
2.62549e-05
0.000874026
1.56157e-05
0.000876436
4.47304e-06
0.00087503
-7.44836e-06
0.000869459
-2.04267e-05
0.000859251
-3.48595e-05
0.000843771
-5.12569e-05
0.000822177
-7.02612e-05
0.000793368
-9.2694e-05
0.000755924
-0.000119626
0.000708043
-0.000152499
0.000647452
-0.000193346
0.000571293
-0.000245246
0.000476033
-0.000313264
0.000357935
-0.000406278
0.000216361
-0.000539139
6.40785e-05
-0.000727908
-5.69006e-05
-0.000955104
-8.04648e-05
-0.00107924
-0.000711496
-7.64801e-05
0.00024765
-0.000143361
0.00039454
-0.000166259
0.000397867
-0.000153865
0.000361629
-0.00011796
0.000319146
-6.74501e-05
0.000280456
-8.42726e-06
0.00024804
5.51171e-05
0.000221692
0.00012064
0.000200372
0.000186539
0.000182958
0.000251801
0.000168493
0.000315777
0.000156223
0.000378044
0.000145566
0.000438315
0.000136085
0.000496386
0.000127452
0.000552101
0.000119421
0.000605333
0.00011181
0.000655971
0.000104485
0.000703919
9.73509e-05
0.000749088
9.03391e-05
0.000791398
8.34055e-05
0.000830777
7.6523e-05
0.000867165
6.96772e-05
0.00090051
6.28622e-05
0.000930767
5.60761e-05
0.0009579
4.93172e-05
0.000981877
4.25802e-05
0.00100266
3.58512e-05
0.00102021
2.91039e-05
0.00103448
2.22947e-05
0.00104537
1.53585e-05
0.00105279
8.20525e-06
0.00105649
7.69482e-07
0.00105631
-7.27256e-06
0.00105187
-1.59799e-05
0.00104268
-2.56721e-05
0.00102811
-3.66884e-05
0.00100731
-4.94602e-05
0.000979158
-6.45429e-05
0.000942201
-8.26694e-05
0.000894552
-0.000104849
0.000833763
-0.000132556
0.000756632
-0.000168115
0.000658885
-0.000215517
0.000534851
-0.000282244
0.000378676
-0.000382964
0.000193195
-0.000542426
1.41954e-05
-0.000776105
-7.45138e-05
-0.000990526
-0.00078601
-0.00011655
0.0003642
-0.000157983
0.000435973
-0.000128477
0.00036836
-6.34152e-05
0.000296567
1.63982e-05
0.000239333
0.000101103
0.000195751
0.000185843
0.0001633
0.000268267
0.000139269
0.000347364
0.000121274
0.000422808
0.000107514
0.000494578
9.67232e-05
0.000562781
8.80194e-05
0.000627562
8.07855e-05
0.000689059
7.45883e-05
0.000747389
6.91222e-05
0.000802639
6.4171e-05
0.000854868
5.95809e-05
0.000904111
5.52427e-05
0.000950382
5.10795e-05
0.000993683
4.70385e-05
0.001034
4.30844e-05
0.00107133
3.91948e-05
0.00110565
3.53571e-05
0.00113695
3.15644e-05
0.00116521
2.78131e-05
0.00119043
2.41001e-05
0.00121259
2.04204e-05
0.00123168
1.67645e-05
0.00124767
1.31155e-05
0.00126051
9.4476e-06
0.00127015
5.71947e-06
0.00127648
1.88092e-06
0.00127937
-2.1204e-06
0.00127852
-6.43208e-06
0.00127367
-1.11247e-05
0.00126436
-1.63583e-05
0.00124999
-2.23215e-05
0.00122978
-2.92498e-05
0.00120268
-3.74453e-05
0.00116732
-4.73098e-05
0.00112188
-5.94074e-05
0.00106391
-7.45912e-05
0.000990067
-9.42678e-05
0.000895548
-0.000120998
0.000773202
-0.000159898
0.000612499
-0.000222261
0.000403326
-0.000333253
0.000163517
-0.000536297
-1.28356e-05
-0.000814173
-0.000798846
-0.000102251
0.000466451
-1.18973e-05
0.000345619
0.000140984
0.000215479
0.000286142
0.00015141
0.000414964
0.000110511
0.000528233
8.24815e-05
0.000627907
6.36262e-05
0.000716191
5.09851e-05
0.00079516
4.23044e-05
0.000866538
3.61364e-05
0.000931666
3.15952e-05
0.000991561
2.81245e-05
0.00104698
2.53652e-05
0.00109849
2.3083e-05
0.00114648
2.11237e-05
0.00119127
1.93847e-05
0.00123305
1.77971e-05
0.00127198
1.63143e-05
0.00130816
1.49047e-05
0.00134165
1.35476e-05
0.0013725
1.22297e-05
0.00140076
1.09428e-05
0.00142643
9.68247e-06
0.00144955
8.44636e-06
0.00147013
7.23319e-06
0.00148819
6.04167e-06
0.00150374
4.86948e-06
0.00151679
3.71254e-06
0.00152734
2.56403e-06
0.00153537
1.41847e-06
0.00154081
2.82337e-07
0.00154367
-9.82329e-07
0.00154377
-2.21792e-06
0.00154091
-3.57775e-06
0.00153487
-5.07816e-06
0.00152527
-6.76504e-06
0.00151166
-8.70293e-06
0.00149338
-1.09702e-05
0.0014696
-1.36661e-05
0.00143921
-1.69225e-05
0.00140073
-2.09273e-05
0.00135211
-2.59723e-05
0.0012904
-3.2554e-05
0.00121103
-4.16281e-05
0.00110636
-5.5234e-05
0.000962715
-7.86134e-05
0.000756438
-0.000126976
0.00046758
-0.000247439
0.000144358
-0.000490952
-0.000654487
0.000466451
0.00081207
0.00102755
0.00117896
0.00128947
0.00137195
0.00143558
0.00148656
0.00152887
0.001565
0.0015966
0.00162472
0.00165009
0.00167317
0.00169429
0.00171368
0.00173148
0.00174779
0.0017627
0.00177624
0.00178847
0.00179942
0.0018091
0.00181754
0.00182478
0.00183082
0.00183569
0.0018394
0.00184197
0.00184338
0.00184367
0.00184268
0.00184047
0.00183689
0.00183181
0.00182505
0.00181634
0.00180537
0.00179171
0.00177478
0.00175386
0.00172788
0.00169533
0.0016537
0.00159847
0.00151985
0.00139288
0.00114544
0.000654487
)
;

boundaryField
{
    movingWall
    {
        type            calculated;
        value           uniform 0;
    }
    fixedWalls
    {
        type            calculated;
        value           uniform 0;
    }
    frontAndBack
    {
        type            empty;
        value           nonuniform List<scalar> 0();
    }
}


// ************************************************************************* //
