/*--------------------------------*- C++ -*----------------------------------*\
| =========                 |                                                 |
| \\      /  F ield         | OpenFOAM: The Open Source CFD Toolbox           |
|  \\    /   O peration     | Version:  2312                                  |
|   \\  /    A nd           | Website:  www.openfoam.com                      |
|    \\/     M anipulation  |                                                 |
\*---------------------------------------------------------------------------*/
FoamFile
{
    version     2.0;
    format      ascii;
    arch        "LSB;label=32;scalar=64";
    class       volVectorField;
    location    "50";
    object      U;
}
// * * * * * * * * * * * * * * * * * * * * * * * * * * * * * * * * * * * * * //

dimensions      [0 1 -1 0 0 0 0];

internalField   nonuniform List<vector> 
2601
(
(4.96987e-05 -4.94015e-05 0)
(0.000160107 -6.51207e-05 0)
(0.000241648 -4.07036e-05 0)
(0.000225991 -3.98892e-06 0)
(9.79246e-05 3.20301e-05 0)
(-0.000135032 6.28281e-05 0)
(-0.000459264 8.82059e-05 0)
(-0.000859917 0.000108578 0)
(-0.00132498 0.000125194 0)
(-0.00184479 0.000139308 0)
(-0.00241204 0.000151862 0)
(-0.00302109 0.00016341 0)
(-0.003667 0.000174134 0)
(-0.00434464 0.000183889 0)
(-0.00504785 0.000192272 0)
(-0.0057689 0.000198692 0)
(-0.00649807 0.000202434 0)
(-0.00722342 0.000202728 0)
(-0.00793082 0.000198798 0)
(-0.0086041 0.000189926 0)
(-0.00922543 0.000175499 0)
(-0.00977578 0.000155074 0)
(-0.0102357 0.000128429 0)
(-0.0105859 9.56199e-05 0)
(-0.0108085 5.70345e-05 0)
(-0.0108882 1.34403e-05 0)
(-0.0108125 -3.39883e-05 0)
(-0.0105734 -8.38401e-05 0)
(-0.0101686 -0.000134267 0)
(-0.00960158 -0.000183166 0)
(-0.00888244 -0.000228292 0)
(-0.00802789 -0.000267389 0)
(-0.00706103 -0.000298342 0)
(-0.00601063 -0.000319342 0)
(-0.00490999 -0.000329043 0)
(-0.00379545 -0.000326687 0)
(-0.00270457 -0.000312188 0)
(-0.00167418 -0.000286159 0)
(-0.000738393 -0.000249887 0)
(7.30856e-05 -0.000205271 0)
(0.000736503 -0.000154472 0)
(0.00123542 -9.99424e-05 0)
(0.00156122 -4.43451e-05 0)
(0.00171349 9.72669e-06 0)
(0.0017003 5.95994e-05 0)
(0.00153873 0.000102376 0)
(0.00125624 0.00013414 0)
(0.000892759 0.000149247 0)
(0.000503204 0.000138888 0)
(0.000165621 9.11896e-05 0)
(1.07335e-05 1.10588e-05 0)
(6.7948e-05 -0.000162309 0)
(0.000172662 -0.000170058 0)
(0.000145475 -2.7022e-05 0)
(-0.000112504 0.000169609 0)
(-0.000630093 0.000371394 0)
(-0.00139798 0.000555573 0)
(-0.00239335 0.00071563 0)
(-0.00358798 0.00085157 0)
(-0.00495494 0.000967026 0)
(-0.00647061 0.00106631 0)
(-0.00811483 0.00115289 0)
(-0.00986984 0.00122876 0)
(-0.0117185 0.00129426 0)
(-0.0136427 0.00134816 0)
(-0.0156213 0.00138802 0)
(-0.0176298 0.00141044 0)
(-0.0196384 0.00141151 0)
(-0.0216129 0.00138715 0)
(-0.0235139 0.00133343 0)
(-0.0252983 0.001247 0)
(-0.0269195 0.0011253 0)
(-0.0283297 0.000966954 0)
(-0.029481 0.000772015 0)
(-0.0303278 0.000542198 0)
(-0.0308289 0.000281041 0)
(-0.0309503 -5.97199e-06 0)
(-0.0306665 -0.00031107 0)
(-0.0299631 -0.000625264 0)
(-0.0288393 -0.000937804 0)
(-0.0273085 -0.00123683 0)
(-0.0253989 -0.00151001 0)
(-0.023154 -0.00174519 0)
(-0.0206315 -0.00193116 0)
(-0.0179015 -0.00205844 0)
(-0.0150441 -0.00212002 0)
(-0.0121461 -0.00211192 0)
(-0.00929735 -0.00203366 0)
(-0.00658596 -0.00188835 0)
(-0.00409448 -0.00168268 0)
(-0.00189566 -0.0014265 0)
(-4.87747e-05 -0.00113203 0)
(0.00140328 -0.00081331 0)
(0.00243643 -0.000485654 0)
(0.00304684 -0.000165079 0)
(0.00325208 0.000131738 0)
(0.00309227 0.000386678 0)
(0.002632 0.000578936 0)
(0.00196172 0.00068298 0)
(0.00119698 0.000666596 0)
(0.000493414 0.000493735 0)
(8.99368e-05 0.000164806 0)
(4.3705e-05 -0.000248574 0)
(1.90004e-05 -0.000142837 0)
(-0.000281336 0.000251538 0)
(-0.000932123 0.00075533 0)
(-0.0019563 0.00127415 0)
(-0.00334129 0.00175818 0)
(-0.00505715 0.00218803 0)
(-0.00706727 0.00256104 0)
(-0.00933509 0.0028826 0)
(-0.0118268 0.00316029 0)
(-0.0145117 0.00340043 0)
(-0.0173605 0.0036063 0)
(-0.0203438 0.00377755 0)
(-0.0234297 0.00391035 0)
(-0.026582 0.00399797 0)
(-0.0297584 0.00403169 0)
(-0.0329105 0.00400167 0)
(-0.035983 0.00389798 0)
(-0.0389147 0.0037115 0)
(-0.0416396 0.00343479 0)
(-0.0440886 0.00306291 0)
(-0.0461918 0.00259414 0)
(-0.0478811 0.00203064 0)
(-0.0490931 0.00137886 0)
(-0.0497722 0.000649876 0)
(-0.0498736 -0.000140489 0)
(-0.049366 -0.00097154 0)
(-0.0482345 -0.00181903 0)
(-0.0464826 -0.00265525 0)
(-0.0441334 -0.00345029 0)
(-0.0412307 -0.00417341 0)
(-0.0378383 -0.0047947 0)
(-0.034039 -0.00528676 0)
(-0.0299322 -0.00562653 0)
(-0.0256309 -0.00579684 0)
(-0.0212571 -0.00578791 0)
(-0.0169372 -0.00559824 0)
(-0.0127961 -0.00523511 0)
(-0.00895198 -0.00471443 0)
(-0.00551032 -0.00406004 0)
(-0.00255885 -0.00330248 0)
(-0.000163042 -0.00247745 0)
(0.00163751 -0.00162436 0)
(0.00283192 -0.000785258 0)
(0.00343979 -4.35218e-06 0)
(0.00351302 0.000671035 0)
(0.00313726 0.00118961 0)
(0.00243147 0.00149369 0)
(0.00154466 0.00151873 0)
(0.000676782 0.00119916 0)
(0.000138602 0.000501637 0)
(8.80027e-07 -0.000225633 0)
(-0.000220576 0.000151234 0)
(-0.000900461 0.000925224 0)
(-0.00205493 0.00184973 0)
(-0.00368232 0.00278823 0)
(-0.0057599 0.00366663 0)
(-0.00824879 0.00445348 0)
(-0.0111045 0.00514284 0)
(-0.014283 0.00574124 0)
(-0.0177425 0.00625876 0)
(-0.0214433 0.00670359 0)
(-0.0253462 0.00707911 0)
(-0.0294101 0.00738282 0)
(-0.0335899 0.00760663 0)
(-0.0378343 0.00773787 0)
(-0.0420848 0.00776081 0)
(-0.0462752 0.00765836 0)
(-0.0503318 0.00741374 0)
(-0.0541745 0.00701216 0)
(-0.0577187 0.00644231 0)
(-0.0608777 0.00569774 0)
(-0.0635653 0.00477801 0)
(-0.0656993 0.00368967 0)
(-0.0672047 0.00244688 0)
(-0.0680174 0.00107176 0)
(-0.0680867 -0.000405574 0)
(-0.0673795 -0.00194768 0)
(-0.065882 -0.00351063 0)
(-0.0636025 -0.0050454 0)
(-0.0605719 -0.00649976 0)
(-0.0568452 -0.00782056 0)
(-0.0525003 -0.00895629 0)
(-0.0476375 -0.0098599 0)
(-0.0423761 -0.0104917 0)
(-0.0368518 -0.0108218 0)
(-0.0312113 -0.0108328 0)
(-0.0256077 -0.0105211 0)
(-0.0201937 -0.00989829 0)
(-0.0151153 -0.00899051 0)
(-0.0105049 -0.00783813 0)
(-0.00647525 -0.00649372 0)
(-0.0031132 -0.00501979 0)
(-0.000475035 -0.00348637 0)
(0.00141739 -0.00196889 0)
(0.00257909 -0.000546729 0)
(0.00306443 0.000695766 0)
(0.00296819 0.00166972 0)
(0.00242387 0.00227922 0)
(0.00159987 0.00242142 0)
(0.000724207 0.00199172 0)
(0.000153698 0.000900442 0)
(-4.87832e-05 -5.69509e-05 0)
(-0.000506943 0.000788274 0)
(-0.00163826 0.00208424 0)
(-0.0033739 0.00353862 0)
(-0.00567713 0.00498499 0)
(-0.00850784 0.00633223 0)
(-0.0118144 0.00754133 0)
(-0.0155433 0.00860496 0)
(-0.0196432 0.00953119 0)
(-0.0240655 0.010332 0)
(-0.0287631 0.0110164 0)
(-0.0336876 0.0115861 0)
(-0.0387876 0.012035 0)
(-0.0440056 0.012349 0)
(-0.0492768 0.012508 0)
(-0.0545277 0.0124883 0)
(-0.0596765 0.0122647 0)
(-0.0646337 0.0118135 0)
(-0.0693038 0.0111146 0)
(-0.0735876 0.0101538 0)
(-0.077385 0.00892456 0)
(-0.0805983 0.00742976 0)
(-0.0831357 0.00568258 0)
(-0.0849147 0.00370739 0)
(-0.0858658 0.00153999 0)
(-0.0859354 -0.00077271 0)
(-0.0850891 -0.00317372 0)
(-0.0833139 -0.00559706 0)
(-0.0806204 -0.0079701 0)
(-0.0770442 -0.010216 0)
(-0.0726462 -0.012257 0)
(-0.0675127 -0.0140176 0)
(-0.0617539 -0.015429 0)
(-0.0555022 -0.0164324 0)
(-0.0489084 -0.016983 0)
(-0.0421373 -0.0170537 0)
(-0.0353625 -0.0166369 0)
(-0.0287592 -0.0157471 0)
(-0.0224977 -0.0144204 0)
(-0.0167351 -0.0127142 0)
(-0.0116083 -0.0107049 0)
(-0.00722664 -0.00848462 0)
(-0.00366557 -0.00615817 0)
(-0.000961806 -0.00383937 0)
(0.000889261 -0.00164875 0)
(0.00193729 0.000287556 0)
(0.0022782 0.00183751 0)
(0.00205114 0.00286208 0)
(0.00143561 0.00321482 0)
(0.000675941 0.0027443 0)
(0.000148182 0.0012957 0)
(-0.000101824 0.000272609 0)
(-0.000818904 0.00180937 0)
(-0.00244617 0.00378691 0)
(-0.00481519 0.00588562 0)
(-0.0078448 0.00792437 0)
(-0.0114717 0.00980572 0)
(-0.0156281 0.01149 0)
(-0.0202494 0.0129723 0)
(-0.0252769 0.014264 0)
(-0.0306557 0.0153789 0)
(-0.0363317 0.0163258 0)
(-0.042249 0.0171037 0)
(-0.0483467 0.0177009 0)
(-0.0545568 0.018096 0)
(-0.0608022 0.0182603 0)
(-0.0669969 0.0181612 0)
(-0.0730461 0.0177655 0)
(-0.0788473 0.0170426 0)
(-0.0842931 0.0159681 0)
(-0.0892732 0.0145261 0)
(-0.093678 0.0127117 0)
(-0.0974019 0.0105326 0)
(-0.100346 0.0080106 0)
(-0.102424 0.00518206 0)
(-0.103561 0.00209802 0)
(-0.103702 -0.00117637 0)
(-0.102809 -0.00456321 0)
(-0.100867 -0.00797343 0)
(-0.0978868 -0.0113096 0)
(-0.0939027 -0.0144691 0)
(-0.0889766 -0.017348 0)
(-0.0831967 -0.0198453 0)
(-0.0766776 -0.0218679 0)
(-0.0695583 -0.0233356 0)
(-0.0619995 -0.0241857 0)
(-0.0541796 -0.0243782 0)
(-0.046289 -0.023899 0)
(-0.0385235 -0.0227627 0)
(-0.0310766 -0.021014 0)
(-0.0241307 -0.0187265 0)
(-0.0178486 -0.0160008 0)
(-0.0123645 -0.0129608 0)
(-0.0077772 -0.00974883 0)
(-0.00414306 -0.00652128 0)
(-0.00147235 -0.00344462 0)
(0.000274253 -0.000691797 0)
(0.00118707 0.00155705 0)
(0.00140542 0.00311501 0)
(0.00111421 0.00378719 0)
(0.000564928 0.00337083 0)
(0.00013142 0.00164663 0)
(-0.000156667 0.000772201 0)
(-0.00114484 0.0032423 0)
(-0.00329339 0.0060706 0)
(-0.00632663 0.00893096 0)
(-0.0101127 0.0116437 0)
(-0.014561 0.0141172 0)
(-0.0195845 0.0163198 0)
(-0.0251062 0.0182544 0)
(-0.0310594 0.0199379 0)
(-0.0373829 0.021387 0)
(-0.0440167 0.0226099 0)
(-0.0508983 0.0236013 0)
(-0.0579588 0.0243429 0)
(-0.0651212 0.0248047 0)
(-0.0722986 0.0249487 0)
(-0.0793946 0.0247329 0)
(-0.0863041 0.0241162 0)
(-0.0929152 0.023062 0)
(-0.0991115 0.0215425 0)
(-0.104775 0.0195414 0)
(-0.10979 0.0170567 0)
(-0.114045 0.0141023 0)
(-0.117437 0.0107096 0)
(-0.119875 0.00692778 0)
(-0.12128 0.00282359 0)
(-0.121592 -0.00151932 0)
(-0.120769 -0.00600216 0)
(-0.118791 -0.0105127 0)
(-0.115662 -0.0149285 0)
(-0.111412 -0.0191208 0)
(-0.106097 -0.0229583 0)
(-0.099801 -0.0263127 0)
(-0.0926378 -0.0290644 0)
(-0.0847476 -0.0311083 0)
(-0.0762969 -0.0323603 0)
(-0.067474 -0.0327632 0)
(-0.0584846 -0.0322922 0)
(-0.0495443 -0.0309586 0)
(-0.0408709 -0.0288121 0)
(-0.0326744 -0.0259409 0)
(-0.0251467 -0.0224693 0)
(-0.0184519 -0.0185538 0)
(-0.0127167 -0.0143771 0)
(-0.00802259 -0.0101417 0)
(-0.00440018 -0.00606416 0)
(-0.00182562 -0.00237013 0)
(-0.000218856 0.000707555 0)
(0.000554938 0.00292927 0)
(0.000681821 0.00404775 0)
(0.00041399 0.00380676 0)
(0.000109068 0.00192718 0)
(-0.000212138 0.00144618 0)
(-0.00147668 0.00510079 0)
(-0.00415771 0.00895471 0)
(-0.00786824 0.0126953 0)
(-0.0124224 0.0161609 0)
(-0.0176997 0.0192792 0)
(-0.0235921 0.022036 0)
(-0.0300093 0.024448 0)
(-0.036876 0.0265414 0)
(-0.0441251 0.0283369 0)
(-0.0516914 0.0298419 0)
(-0.0595066 0.0310465 0)
(-0.0674957 0.0319246 0)
(-0.0755744 0.0324366 0)
(-0.0836482 0.0325348 0)
(-0.0916133 0.0321682 0)
(-0.099357 0.0312878 0)
(-0.106761 0.0298521 0)
(-0.113703 0.0278307 0)
(-0.12006 0.025208 0)
(-0.125713 0.0219856 0)
(-0.130546 0.0181844 0)
(-0.134452 0.0138455 0)
(-0.137336 0.00903041 0)
(-0.139113 0.00382122 0)
(-0.139718 -0.00168091 0)
(-0.1391 -0.00735736 0)
(-0.137229 -0.0130735 0)
(-0.134099 -0.0186826 0)
(-0.129729 -0.0240293 0)
(-0.124164 -0.0289545 0)
(-0.117479 -0.0333006 0)
(-0.109781 -0.0369185 0)
(-0.101206 -0.0396745 0)
(-0.0919225 -0.041458 0)
(-0.0821255 -0.0421897 0)
(-0.0720344 -0.0418282 0)
(-0.0618849 -0.0403759 0)
(-0.0519205 -0.0378832 0)
(-0.0423823 -0.0344495 0)
(-0.0334963 -0.0302215 0)
(-0.0254621 -0.0253885 0)
(-0.0184408 -0.0201755 0)
(-0.0125453 -0.0148352 0)
(-0.00783292 -0.00963898 0)
(-0.00430075 -0.00487072 0)
(-0.00188355 -0.000821671 0)
(-0.000454901 0.00221087 0)
(0.000169225 0.00392339 0)
(0.000237684 0.00400505 0)
(8.43932e-05 0.00212164 0)
(-0.000267463 0.00229597 0)
(-0.00180801 0.00738858 0)
(-0.00502063 0.012444 0)
(-0.00940601 0.0171823 0)
(-0.0147231 0.0214769 0)
(-0.0208205 0.0252882 0)
(-0.0275684 0.0286296 0)
(-0.0348626 0.0315384 0)
(-0.0426192 0.0340538 0)
(-0.0507657 0.0362026 0)
(-0.0592323 0.0379916 0)
(-0.0679464 0.0394059 0)
(-0.0768279 0.040411 0)
(-0.0857877 0.0409577 0)
(-0.094726 0.0409881 0)
(-0.103534 0.0404425 0)
(-0.112094 0.039265 0)
(-0.120285 0.0374096 0)
(-0.12798 0.0348442 0)
(-0.135056 0.0315543 0)
(-0.141389 0.0275456 0)
(-0.146861 0.0228456 0)
(-0.151362 0.0175042 0)
(-0.154791 0.0115944 0)
(-0.157057 0.0052117 0)
(-0.158085 -0.00152693 0)
(-0.157813 -0.00848482 0)
(-0.156199 -0.0155065 0)
(-0.153221 -0.022422 0)
(-0.148882 -0.02905 0)
(-0.143212 -0.0352025 0)
(-0.13627 -0.040691 0)
(-0.12815 -0.0453336 0)
(-0.118981 -0.0489636 0)
(-0.108927 -0.0514383 0)
(-0.0981865 -0.0526492 0)
(-0.0869903 -0.0525312 0)
(-0.0755935 -0.0510709 0)
(-0.0642672 -0.048313 0)
(-0.0532866 -0.044363 0)
(-0.0429178 -0.0393869 0)
(-0.0334024 -0.0336064 0)
(-0.0249438 -0.0272907 0)
(-0.0176943 -0.0207463 0)
(-0.0117454 -0.0143057 0)
(-0.00712146 -0.00831682 0)
(-0.00377721 -0.00313627 0)
(-0.00159858 0.000875102 0)
(-0.000406046 0.00335314 0)
(4.41203e-05 0.00393052 0)
(5.90963e-05 0.00222059 0)
(-0.000321818 0.00331977 0)
(-0.00213265 0.0101006 0)
(-0.00586485 0.0165303 0)
(-0.0109085 0.0223806 0)
(-0.0169678 0.0275766 0)
(-0.0238608 0.0321252 0)
(-0.0314358 0.0360775 0)
(-0.0395749 0.0394982 0)
(-0.0481861 0.042444 0)
(-0.0571917 0.0449495 0)
(-0.0665183 0.0470221 0)
(-0.0760899 0.0486417 0)
(-0.0858236 0.0497655 0)
(-0.0956266 0.0503343 0)
(-0.105397 0.0502807 0)
(-0.115022 0.0495363 0)
(-0.124383 0.0480391 0)
(-0.133358 0.0457392 0)
(-0.141819 0.0426033 0)
(-0.149641 0.0386182 0)
(-0.1567 0.033793 0)
(-0.162875 0.0281608 0)
(-0.168052 0.021779 0)
(-0.172125 0.0147299 0)
(-0.174995 0.00711993 0)
(-0.176575 -0.000920526 0)
(-0.17679 -0.00923777 0)
(-0.175581 -0.0176593 0)
(-0.17291 -0.0259932 0)
(-0.168757 -0.0340328 0)
(-0.163134 -0.041561 0)
(-0.156078 -0.0483569 0)
(-0.147666 -0.0542027 0)
(-0.138011 -0.0588938 0)
(-0.127269 -0.0622491 0)
(-0.115636 -0.0641232 0)
(-0.103351 -0.0644185 0)
(-0.0906847 -0.0630965 0)
(-0.0779368 -0.0601875 0)
(-0.0654197 -0.0557961 0)
(-0.0534443 -0.0501026 0)
(-0.0423021 -0.043359 0)
(-0.0322479 -0.0358799 0)
(-0.0234829 -0.0280298 0)
(-0.0161419 -0.0202084 0)
(-0.0102847 -0.012836 0)
(-0.00589234 -0.0063424 0)
(-0.00286735 -0.00115967 0)
(-0.00103703 0.00228158 0)
(-0.000163415 0.00355391 0)
(3.37911e-05 0.00221754 0)
(-0.000374193 0.00451251 0)
(-0.00244414 0.0132233 0)
(-0.00667321 0.0211932 0)
(-0.0123451 0.0282644 0)
(-0.0191115 0.0344299 0)
(-0.0267605 0.0397562 0)
(-0.03512 0.0443423 0)
(-0.0440586 0.0482873 0)
(-0.0534767 0.0516694 0)
(-0.0632921 0.0545335 0)
(-0.0734287 0.0568886 0)
(-0.0838085 0.0587099 0)
(-0.0943466 0.0599465 0)
(-0.104949 0.0605295 0)
(-0.115513 0.0603822 0)
(-0.125926 0.0594284 0)
(-0.136069 0.0576005 0)
(-0.14582 0.054845 0)
(-0.155053 0.0511274 0)
(-0.163642 0.0464354 0)
(-0.171463 0.0407805 0)
(-0.178395 0.0342 0)
(-0.184318 0.0267567 0)
(-0.18912 0.0185397 0)
(-0.192694 0.00966409 0)
(-0.194941 0.000270561 0)
(-0.195771 -0.00947417 0)
(-0.195109 -0.0193819 0)
(-0.192895 -0.029241 0)
(-0.189088 -0.0388211 0)
(-0.183672 -0.0478769 0)
(-0.176663 -0.0561538 0)
(-0.168112 -0.0633961 0)
(-0.158111 -0.0693567 0)
(-0.146798 -0.0738097 0)
(-0.134362 -0.0765642 0)
(-0.121041 -0.0774799 0)
(-0.107119 -0.076482 0)
(-0.0929211 -0.073575 0)
(-0.0787971 -0.0688523 0)
(-0.0651072 -0.062501 0)
(-0.0522006 -0.0547989 0)
(-0.0403931 -0.0461058 0)
(-0.0299463 -0.0368482 0)
(-0.0210499 -0.0275 0)
(-0.0138093 -0.0185632 0)
(-0.00823984 -0.0105513 0)
(-0.00426632 -0.00397736 0)
(-0.00172546 0.000653265 0)
(-0.000385352 0.00284689 0)
(8.36218e-06 0.00210659 0)
(-0.000423409 0.00586566 0)
(-0.00273561 0.0167346 0)
(-0.00742825 0.0264004 0)
(-0.0136856 0.0347942 0)
(-0.0211098 0.041992 0)
(-0.0294615 0.048133 0)
(-0.0385489 0.0533731 0)
(-0.0482283 0.0578527 0)
(-0.0583933 0.0616756 0)
(-0.0689579 0.0648996 0)
(-0.0798437 0.0675364 0)
(-0.0909718 0.0695575 0)
(-0.102257 0.0709041 0)
(-0.113606 0.0714984 0)
(-0.124916 0.0712549 0)
(-0.136076 0.0700901 0)
(-0.146969 0.0679311 0)
(-0.157475 0.0647211 0)
(-0.167471 0.0604241 0)
(-0.176831 0.0550277 0)
(-0.185432 0.0485449 0)
(-0.193149 0.0410151 0)
(-0.199863 0.0325044 0)
(-0.205454 0.0231064 0)
(-0.209806 0.0129418 0)
(-0.212811 0.00215903 0)
(-0.214364 -0.00906697 0)
(-0.214373 -0.0205335 0)
(-0.212757 -0.0320128 0)
(-0.209452 -0.0432532 0)
(-0.204415 -0.0539827 0)
(-0.197632 -0.0639141 0)
(-0.189124 -0.0727524 0)
(-0.178955 -0.0802049 0)
(-0.167237 -0.085995 0)
(-0.15414 -0.0898778 0)
(-0.139893 -0.0916588 0)
(-0.124784 -0.0912137 0)
(-0.109158 -0.0885069 0)
(-0.0933995 -0.083607 0)
(-0.0779204 -0.0766956 0)
(-0.0631335 -0.0680692 0)
(-0.0494262 -0.0581299 0)
(-0.0371336 -0.0473686 0)
(-0.0265137 -0.0363413 0)
(-0.0177308 -0.0256427 0)
(-0.0108453 -0.0158829 0)
(-0.00581167 -0.00766873 0)
(-0.00247993 -0.00159185 0)
(-0.000624924 0.00177852 0)
(-1.77516e-05 0.00188078 0)
(-0.000468171 0.00736693 0)
(-0.00299997 0.0206037 0)
(-0.00811242 0.0321083 0)
(-0.0148997 0.0419174 0)
(-0.0229195 0.0502049 0)
(-0.031907 0.0571937 0)
(-0.0416527 0.0631057 0)
(-0.0520017 0.0681286 0)
(-0.0628412 0.072396 0)
(-0.0740818 0.075981 0)
(-0.0856441 0.0788996 0)
(-0.0974488 0.0811204 0)
(-0.109412 0.0825774 0)
(-0.12144 0.0831846 0)
(-0.133434 0.0828483 0)
(-0.145285 0.0814784 0)
(-0.156879 0.0789966 0)
(-0.168099 0.075343 0)
(-0.178824 0.0704794 0)
(-0.188931 0.0643927 0)
(-0.198297 0.0570956 0)
(-0.206798 0.0486282 0)
(-0.214311 0.0390578 0)
(-0.220713 0.0284802 0)
(-0.225882 0.0170192 0)
(-0.229701 0.00482758 0)
(-0.232054 -0.00791294 0)
(-0.232835 -0.0209904 0)
(-0.231942 -0.0341641 0)
(-0.229288 -0.047165 0)
(-0.224803 -0.0596978 0)
(-0.218442 -0.0714451 0)
(-0.21019 -0.0820735 0)
(-0.200074 -0.0912438 0)
(-0.18817 -0.0986241 0)
(-0.174619 -0.103908 0)
(-0.159626 -0.106834 0)
(-0.143472 -0.107216 0)
(-0.126509 -0.104958 0)
(-0.109152 -0.100088 0)
(-0.0918607 -0.0927644 0)
(-0.0751166 -0.0832898 0)
(-0.059388 -0.0721019 0)
(-0.0450969 -0.0597565 0)
(-0.0325866 -0.0468985 0)
(-0.022096 -0.0342282 0)
(-0.0137449 -0.0224678 0)
(-0.007528 -0.0123347 0)
(-0.00331427 -0.00452206 0)
(-0.000887511 0.000312241 0)
(-4.54968e-05 0.00153082 0)
(-0.000507128 0.00900016 0)
(-0.00323004 0.0247912 0)
(-0.00870837 0.0382618 0)
(-0.0159584 0.0495692 0)
(-0.0244989 0.0589975 0)
(-0.0340428 0.0668637 0)
(-0.0443648 0.0734634 0)
(-0.0552996 0.0790371 0)
(-0.0667288 0.0837519 0)
(-0.0785602 0.0876988 0)
(-0.0907132 0.0908996 0)
(-0.103109 0.093321 0)
(-0.115665 0.0948911 0)
(-0.128291 0.095516 0)
(-0.140889 0.0950946 0)
(-0.153354 0.0935304 0)
(-0.165577 0.0907402 0)
(-0.177442 0.0866602 0)
(-0.188833 0.0812501 0)
(-0.199629 0.0744947 0)
(-0.209708 0.0664057 0)
(-0.218949 0.0570224 0)
(-0.227226 0.0464122 0)
(-0.234417 0.0346709 0)
(-0.240398 0.0219234 0)
(-0.245045 0.00832478 0)
(-0.248237 -0.0059398 0)
(-0.249855 -0.0206531 0)
(-0.249784 -0.0355662 0)
(-0.247916 -0.0503975 0)
(-0.244155 -0.0648339 0)
(-0.238421 -0.0785326 0)
(-0.230661 -0.0911258 0)
(-0.220858 -0.102229 0)
(-0.209043 -0.111454 0)
(-0.195311 -0.118425 0)
(-0.179832 -0.122808 0)
(-0.162859 -0.124332 0)
(-0.144738 -0.122828 0)
(-0.1259 -0.118255 0)
(-0.106847 -0.11073 0)
(-0.0881276 -0.10054 0)
(-0.0702974 -0.0881469 0)
(-0.05388 -0.0741664 0)
(-0.0393218 -0.0593381 0)
(-0.0269565 -0.0444809 0)
(-0.0169814 -0.0304481 0)
(-0.00944552 -0.0180883 0)
(-0.004246 -0.00821651 0)
(-0.00118003 -0.00159635 0)
(-7.60895e-05 0.00104398 0)
(-0.000538948 0.0107454 0)
(-0.00341893 0.0292494 0)
(-0.00919955 0.0447951 0)
(-0.016834 0.0576727 0)
(-0.0258088 0.0682867 0)
(-0.0358181 0.0770561 0)
(-0.0466226 0.0843572 0)
(-0.0580479 0.0904877 0)
(-0.06997 0.0956519 0)
(-0.0822942 0.0999608 0)
(-0.0949393 0.103444 0)
(-0.107827 0.106067 0)
(-0.120876 0.107754 0)
(-0.133999 0.108402 0)
(-0.1471 0.107905 0)
(-0.16008 0.106159 0)
(-0.172831 0.103077 0)
(-0.185243 0.0985912 0)
(-0.197202 0.0926576 0)
(-0.20859 0.0852592 0)
(-0.21929 0.0764061 0)
(-0.229181 0.0661363 0)
(-0.238142 0.0545162 0)
(-0.246052 0.0416411 0)
(-0.25279 0.0276358 0)
(-0.258232 0.0126553 0)
(-0.262256 -0.00311461 0)
(-0.264738 -0.0194554 0)
(-0.265553 -0.036115 0)
(-0.264579 -0.052806 0)
(-0.261696 -0.0692046 0)
(-0.256792 -0.08495 0)
(-0.249772 -0.099647 0)
(-0.240572 -0.112871 0)
(-0.229168 -0.124179 0)
(-0.215595 -0.133127 0)
(-0.199967 -0.139294 0)
(-0.182495 -0.142315 0)
(-0.163494 -0.141922 0)
(-0.143393 -0.137983 0)
(-0.12272 -0.13054 0)
(-0.102085 -0.119841 0)
(-0.0821342 -0.106349 0)
(-0.0635038 -0.0907298 0)
(-0.0467623 -0.0738186 0)
(-0.0323613 -0.0565654 0)
(-0.0205987 -0.0399759 0)
(-0.0115971 -0.0250555 0)
(-0.00529475 -0.0127666 0)
(-0.00151047 -0.00400104 0)
(-0.000111011 0.000403146 0)
(-0.000562391 0.0125789 0)
(-0.00356026 0.0339228 0)
(-0.00957084 0.0516326 0)
(-0.0175012 0.0661404 0)
(-0.0268135 0.0779781 0)
(-0.0371866 0.0876731 0)
(-0.0483693 0.0956869 0)
(-0.0601788 0.102379 0)
(-0.072486 0.107993 0)
(-0.0851932 0.112663 0)
(-0.0982182 0.116426 0)
(-0.111483 0.119251 0)
(-0.124909 0.121056 0)
(-0.138409 0.121733 0)
(-0.151893 0.121168 0)
(-0.165263 0.119253 0)
(-0.178416 0.115894 0)
(-0.191245 0.111021 0)
(-0.203639 0.104586 0)
(-0.215486 0.0965713 0)
(-0.226671 0.0869842 0)
(-0.23708 0.0758619 0)
(-0.246597 0.0632705 0)
(-0.255109 0.0493046 0)
(-0.262501 0.0340885 0)
(-0.268657 0.0177757 0)
(-0.273458 0.000550413 0)
(-0.276784 -0.0173718 0)
(-0.278509 -0.0357413 0)
(-0.2785 -0.0542723 0)
(-0.276619 -0.072639 0)
(-0.272727 -0.090473 0)
(-0.266692 -0.107362 0)
(-0.258396 -0.12285 0)
(-0.247752 -0.136446 0)
(-0.234726 -0.14764 0)
(-0.219361 -0.155921 0)
(-0.201797 -0.160818 0)
(-0.182297 -0.161941 0)
(-0.16126 -0.159039 0)
(-0.13922 -0.152045 0)
(-0.116829 -0.141132 0)
(-0.0948207 -0.126731 0)
(-0.0739509 -0.109539 0)
(-0.0549286 -0.0904784 0)
(-0.0383485 -0.0706418 0)
(-0.0246368 -0.0512094 0)
(-0.0140148 -0.0333737 0)
(-0.00648076 -0.0182759 0)
(-0.00188765 -0.00696509 0)
(-0.000152176 -0.000412094 0)
(-0.000576385 0.014474 0)
(-0.00364854 0.0387488 0)
(-0.00980916 0.0586897 0)
(-0.0179383 0.0748751 0)
(-0.0274822 0.0879676 0)
(-0.0381084 0.0986068 0)
(-0.0495557 0.107342 0)
(-0.0616336 0.114598 0)
(-0.0742076 0.12066 0)
(-0.0871769 0.125687 0)
(-0.100458 0.129727 0)
(-0.113972 0.132751 0)
(-0.127642 0.134672 0)
(-0.141384 0.135378 0)
(-0.155109 0.13475 0)
(-0.168723 0.132672 0)
(-0.182125 0.129048 0)
(-0.195212 0.123802 0)
(-0.207877 0.116886 0)
(-0.220014 0.108278 0)
(-0.231514 0.0979863 0)
(-0.242271 0.0860485 0)
(-0.252178 0.0725308 0)
(-0.261132 0.0575286 0)
(-0.269031 0.041166 0)
(-0.275772 0.0235947 0)
(-0.28125 0.004995 0)
(-0.285353 -0.0144238 0)
(-0.28796 -0.0344199 0)
(-0.28894 -0.0547172 0)
(-0.288144 -0.0749979 0)
(-0.285412 -0.094898 0)
(-0.280577 -0.114001 0)
(-0.273472 -0.131833 0)
(-0.263945 -0.147869 0)
(-0.251883 -0.161538 0)
(-0.237241 -0.172242 0)
(-0.220068 -0.179398 0)
(-0.200547 -0.182477 0)
(-0.179013 -0.181077 0)
(-0.155975 -0.174985 0)
(-0.132104 -0.164251 0)
(-0.108205 -0.149235 0)
(-0.0851511 -0.130626 0)
(-0.0638069 -0.109421 0)
(-0.0449362 -0.0868558 0)
(-0.0291257 -0.0643068 0)
(-0.0167267 -0.0431883 0)
(-0.00782261 -0.0248595 0)
(-0.00231878 -0.0105617 0)
(-0.000200422 -0.00142734 0)
(-0.0005801 0.0164009 0)
(-0.00367946 0.0436593 0)
(-0.00990418 0.0658747 0)
(-0.0181279 0.0837715 0)
(-0.0277903 0.098143 0)
(-0.0385512 0.109741 0)
(-0.0501417 0.119204 0)
(-0.0623642 0.127024 0)
(-0.0750783 0.133529 0)
(-0.0881793 0.138906 0)
(-0.101581 0.143215 0)
(-0.115206 0.146428 0)
(-0.128975 0.148459 0)
(-0.142807 0.14919 0)
(-0.156614 0.148496 0)
(-0.170305 0.146257 0)
(-0.183783 0.142371 0)
(-0.196947 0.136761 0)
(-0.209697 0.129376 0)
(-0.221931 0.120194 0)
(-0.233548 0.109226 0)
(-0.244452 0.09651 0)
(-0.254551 0.0821158 0)
(-0.263755 0.0661413 0)
(-0.271981 0.0487115 0)
(-0.279142 0.0299769 0)
(-0.285154 0.0101126 0)
(-0.28992 -0.010681 0)
(-0.293336 -0.0321751 0)
(-0.295276 -0.0541108 0)
(-0.295593 -0.076189 0)
(-0.294116 -0.0980625 0)
(-0.29065 -0.119326 0)
(-0.284984 -0.139507 0)
(-0.276905 -0.15806 0)
(-0.266219 -0.174369 0)
(-0.25278 -0.187761 0)
(-0.23653 -0.197537 0)
(-0.217539 -0.203022 0)
(-0.196049 -0.203635 0)
(-0.172502 -0.198976 0)
(-0.147553 -0.188921 0)
(-0.122048 -0.1737 0)
(-0.0969683 -0.153947 0)
(-0.0733381 -0.130698 0)
(-0.0521146 -0.105324 0)
(-0.0340801 -0.0794167 0)
(-0.0197537 -0.0546481 0)
(-0.00933654 -0.032641 0)
(-0.00281187 -0.0148729 0)
(-0.000257668 -0.00267318 0)
(-0.000573002 0.0183281 0)
(-0.00365017 0.0485816 0)
(-0.00984888 0.0730901 0)
(-0.0180581 0.0927183 0)
(-0.0277202 0.108385 0)
(-0.0384921 0.120952 0)
(-0.0500987 0.131147 0)
(-0.0623356 0.139527 0)
(-0.0750565 0.146468 0)
(-0.0881518 0.152183 0)
(-0.101532 0.156746 0)
(-0.115118 0.160136 0)
(-0.128831 0.162263 0)
(-0.14259 0.163007 0)
(-0.156309 0.162237 0)
(-0.169898 0.159829 0)
(-0.183264 0.155678 0)
(-0.196311 0.149704 0)
(-0.208943 0.141856 0)
(-0.221065 0.132115 0)
(-0.232587 0.120494 0)
(-0.243424 0.107037 0)
(-0.2535 0.0918194 0)
(-0.262745 0.0749435 0)
(-0.271093 0.0565377 0)
(-0.278485 0.0367522 0)
(-0.284856 0.0157572 0)
(-0.290136 -0.00625794 0)
(-0.29424 -0.029082 0)
(-0.297061 -0.0524791 0)
(-0.298461 -0.0761784 0)
(-0.298268 -0.0998628 0)
(-0.296273 -0.123155 0)
(-0.292232 -0.145602 0)
(-0.285878 -0.16666 0)
(-0.276939 -0.18569 0)
(-0.265166 -0.20196 0)
(-0.250379 -0.214668 0)
(-0.232515 -0.222989 0)
(-0.211685 -0.226145 0)
(-0.188223 -0.223513 0)
(-0.162719 -0.214735 0)
(-0.136022 -0.199846 0)
(-0.109192 -0.179356 0)
(-0.0834083 -0.154286 0)
(-0.0598381 -0.126119 0)
(-0.0394938 -0.0966671 0)
(-0.0231061 -0.0678974 0)
(-0.0110344 -0.0417483 0)
(-0.00337338 -0.0199873 0)
(-0.000325409 -0.00418291 0)
(-0.000554914 0.020223 0)
(-0.00355949 0.0534406 0)
(-0.00964006 0.0802351 0)
(-0.0177229 0.1016 0)
(-0.0272631 0.118571 0)
(-0.0379186 0.132113 0)
(-0.0494105 0.143039 0)
(-0.0615281 0.151974 0)
(-0.0741184 0.159338 0)
(-0.0870659 0.165374 0)
(-0.100278 0.170173 0)
(-0.113671 0.173718 0)
(-0.127166 0.175921 0)
(-0.140683 0.176658 0)
(-0.154137 0.175793 0)
(-0.16744 0.173201 0)
(-0.180502 0.168772 0)
(-0.193232 0.162427 0)
(-0.205539 0.154117 0)
(-0.217338 0.143826 0)
(-0.22855 0.131573 0)
(-0.239105 0.117412 0)
(-0.248943 0.101425 0)
(-0.258015 0.0837235 0)
(-0.266279 0.0644409 0)
(-0.273699 0.0437292 0)
(-0.280241 0.0217545 0)
(-0.285859 -0.00130532 0)
(-0.290498 -0.0252615 0)
(-0.294074 -0.0499033 0)
(-0.296469 -0.0749966 0)
(-0.297522 -0.100266 0)
(-0.297023 -0.125379 0)
(-0.29471 -0.149921 0)
(-0.290275 -0.173375 0)
(-0.283378 -0.195105 0)
(-0.273675 -0.214347 0)
(-0.260858 -0.230217 0)
(-0.244717 -0.241749 0)
(-0.2252 -0.247964 0)
(-0.20249 -0.247982 0)
(-0.177062 -0.241162 0)
(-0.149712 -0.227264 0)
(-0.121535 -0.206591 0)
(-0.0938441 -0.180073 0)
(-0.0680195 -0.149251 0)
(-0.0453357 -0.116151 0)
(-0.0267811 -0.0830669 0)
(-0.0129225 -0.0523089 0)
(-0.0040081 -0.0259975 0)
(-0.000404933 -0.00599331 0)
(-0.000526039 0.0220528 0)
(-0.0034081 0.0581605 0)
(-0.00927871 0.0872073 0)
(-0.0171231 0.110299 0)
(-0.0264189 0.128575 0)
(-0.0368298 0.143093 0)
(-0.0480751 0.154748 0)
(-0.0599382 0.164227 0)
(-0.072259 0.171999 0)
(-0.0849155 0.178334 0)
(-0.0978094 0.183343 0)
(-0.110855 0.187016 0)
(-0.123971 0.189266 0)
(-0.137077 0.189968 0)
(-0.150089 0.188983 0)
(-0.162923 0.186183 0)
(-0.175492 0.181458 0)
(-0.18771 0.174729 0)
(-0.199494 0.165952 0)
(-0.210769 0.155116 0)
(-0.221469 0.142252 0)
(-0.231539 0.127422 0)
(-0.240938 0.110722 0)
(-0.249637 0.0922733 0)
(-0.257618 0.0722175 0)
(-0.264874 0.0507102 0)
(-0.271395 0.0279149 0)
(-0.27717 0.00399842 0)
(-0.282171 -0.0208706 0)
(-0.286343 -0.0465129 0)
(-0.289597 -0.0727358 0)
(-0.291795 -0.0993154 0)
(-0.292739 -0.125975 0)
(-0.292164 -0.15236 0)
(-0.289741 -0.178005 0)
(-0.285079 -0.202306 0)
(-0.277752 -0.2245 0)
(-0.267335 -0.243651 0)
(-0.253461 -0.258678 0)
(-0.235899 -0.268409 0)
(-0.214641 -0.271694 0)
(-0.189994 -0.267562 0)
(-0.162637 -0.255422 0)
(-0.133643 -0.235268 0)
(-0.104412 -0.207836 0)
(-0.0765275 -0.174649 0)
(-0.0515461 -0.137913 0)
(-0.0307607 -0.100264 0)
(-0.0150003 -0.0644431 0)
(-0.00471896 -0.0329977 0)
(-0.000497371 -0.00814346 0)
(-0.000486979 0.0237855 0)
(-0.00319863 0.062667 0)
(-0.00877023 0.0939061 0)
(-0.0162666 0.1187 0)
(-0.0251977 0.138271 0)
(-0.0352372 0.153762 0)
(-0.0461052 0.16614 0)
(-0.0575801 0.17615 0)
(-0.0694942 0.184309 0)
(-0.0817182 0.190917 0)
(-0.0941479 0.196105 0)
(-0.106693 0.199871 0)
(-0.119272 0.202134 0)
(-0.131803 0.202767 0)
(-0.144205 0.20163 0)
(-0.156396 0.198593 0)
(-0.168294 0.193549 0)
(-0.17982 0.18642 0)
(-0.190901 0.177168 0)
(-0.201473 0.165794 0)
(-0.211482 0.152338 0)
(-0.22089 0.136877 0)
(-0.229675 0.119521 0)
(-0.237828 0.100404 0)
(-0.245355 0.0796801 0)
(-0.252273 0.0575093 0)
(-0.258602 0.0340542 0)
(-0.264357 0.00947261 0)
(-0.269543 -0.0160841 0)
(-0.274137 -0.0424712 0)
(-0.278084 -0.0695394 0)
(-0.281274 -0.0971211 0)
(-0.283535 -0.125007 0)
(-0.28462 -0.152917 0)
(-0.284193 -0.180461 0)
(-0.281841 -0.207098 0)
(-0.277074 -0.2321 0)
(-0.269367 -0.254523 0)
(-0.258208 -0.273208 0)
(-0.243178 -0.286816 0)
(-0.224053 -0.29393 0)
(-0.200921 -0.29322 0)
(-0.17428 -0.283676 0)
(-0.145106 -0.264876 0)
(-0.114825 -0.237237 0)
(-0.0851872 -0.202152 0)
(-0.0580362 -0.161935 0)
(-0.03501 -0.119561 0)
(-0.0172599 -0.0782574 0)
(-0.00550673 -0.0410794 0)
(-0.000603649 -0.0106736 0)
(-0.000438722 0.0253913 0)
(-0.00293561 0.0668895 0)
(-0.0081245 0.100235 0)
(-0.0151686 0.126688 0)
(-0.0236192 0.147539 0)
(-0.0331649 0.163994 0)
(-0.0435289 0.177084 0)
(-0.054486 0.187609 0)
(-0.0658607 0.19613 0)
(-0.0775158 0.202981 0)
(-0.0893407 0.208312 0)
(-0.101242 0.212133 0)
(-0.113134 0.214367 0)
(-0.124936 0.214892 0)
(-0.136571 0.213567 0)
(-0.147961 0.210263 0)
(-0.159029 0.204874 0)
(-0.169707 0.19733 0)
(-0.179929 0.187599 0)
(-0.189646 0.175694 0)
(-0.198817 0.161669 0)
(-0.207421 0.145617 0)
(-0.215453 0.127664 0)
(-0.222924 0.107961 0)
(-0.229862 0.0866719 0)
(-0.236305 0.0639669 0)
(-0.242296 0.0400093 0)
(-0.247879 0.01495 0)
(-0.253087 -0.0110775 0)
(-0.257931 -0.0379575 0)
(-0.262388 -0.0655845 0)
(-0.266386 -0.0938492 0)
(-0.269788 -0.122616 0)
(-0.272375 -0.151689 0)
(-0.273832 -0.180772 0)
(-0.273741 -0.209416 0)
(-0.271582 -0.236967 0)
(-0.266755 -0.262517 0)
(-0.258624 -0.284876 0)
(-0.24659 -0.302586 0)
(-0.230203 -0.313989 0)
(-0.209296 -0.317389 0)
(-0.184126 -0.311304 0)
(-0.155489 -0.294796 0)
(-0.124756 -0.267822 0)
(-0.0937853 -0.231492 0)
(-0.0646884 -0.18812 0)
(-0.0394773 -0.140985 0)
(-0.0196855 -0.093837 0)
(-0.00636985 -0.0503277 0)
(-0.000724452 -0.0136242 0)
(-0.000382612 0.0268433 0)
(-0.00262542 0.0707632 0)
(-0.00735572 0.106102 0)
(-0.0138513 0.134159 0)
(-0.0217132 0.156262 0)
(-0.0306494 0.173666 0)
(-0.0403896 0.187454 0)
(-0.0507058 0.198476 0)
(-0.0614154 0.207333 0)
(-0.0723734 0.214392 0)
(-0.0834624 0.219824 0)
(-0.0945843 0.223657 0)
(-0.105653 0.225821 0)
(-0.116589 0.226197 0)
(-0.127318 0.224646 0)
(-0.137768 0.221044 0)
(-0.147872 0.215288 0)
(-0.157569 0.207316 0)
(-0.166808 0.197105 0)
(-0.175551 0.184682 0)
(-0.183774 0.170117 0)
(-0.19147 0.153519 0)
(-0.198652 0.135033 0)
(-0.205347 0.114825 0)
(-0.211601 0.0930746 0)
(-0.21747 0.0699593 0)
(-0.223019 0.0456467 0)
(-0.228312 0.0202832 0)
(-0.233407 -0.00601191 0)
(-0.238344 -0.033149 0)
(-0.243136 -0.0610622 0)
(-0.247746 -0.0896985 0)
(-0.252079 -0.118996 0)
(-0.255958 -0.14885 0)
(-0.259103 -0.179071 0)
(-0.261119 -0.209325 0)
(-0.261484 -0.239064 0)
(-0.259557 -0.267465 0)
(-0.254608 -0.293365 0)
(-0.245887 -0.315241 0)
(-0.232722 -0.331247 0)
(-0.214674 -0.339343 0)
(-0.191707 -0.337551 0)
(-0.164362 -0.32433 0)
(-0.133859 -0.299028 0)
(-0.10208 -0.262296 0)
(-0.0713605 -0.21629 0)
(-0.0440949 -0.164508 0)
(-0.0222537 -0.111239 0)
(-0.00730434 -0.0608175 0)
(-0.000860194 -0.0170344 0)
(-0.000320305 0.0281186 0)
(-0.00227611 0.0742314 0)
(-0.00648217 0.111428 0)
(-0.0123438 0.141014 0)
(-0.019519 0.164332 0)
(-0.0277396 0.182665 0)
(-0.036745 0.197134 0)
(-0.0463065 0.20863 0)
(-0.0562352 0.217793 0)
(-0.0663783 0.225023 0)
(-0.076612 0.230517 0)
(-0.0868341 0.234317 0)
(-0.096958 0.236366 0)
(-0.106907 0.23655 0)
(-0.11661 0.234739 0)
(-0.126006 0.230811 0)
(-0.135035 0.224671 0)
(-0.143649 0.216264 0)
(-0.151811 0.205582 0)
(-0.159497 0.192663 0)
(-0.166697 0.177595 0)
(-0.173421 0.160504 0)
(-0.179695 0.141554 0)
(-0.185561 0.120926 0)
(-0.191079 0.098813 0)
(-0.196319 0.0754046 0)
(-0.201359 0.0508726 0)
(-0.206283 0.0253616 0)
(-0.211165 -0.00101982 0)
(-0.216072 -0.0282032 0)
(-0.221042 -0.0561568 0)
(-0.226078 -0.0848781 0)
(-0.231127 -0.114375 0)
(-0.236058 -0.144635 0)
(-0.240644 -0.175579 0)
(-0.24453 -0.207002 0)
(-0.247221 -0.238495 0)
(-0.248073 -0.269359 0)
(-0.246304 -0.298518 0)
(-0.241044 -0.324456 0)
(-0.231428 -0.345204 0)
(-0.216748 -0.358433 0)
(-0.196645 -0.361677 0)
(-0.171334 -0.352734 0)
(-0.14179 -0.330207 0)
(-0.109815 -0.294091 0)
(-0.0778918 -0.246177 0)
(-0.0487815 -0.19004 0)
(-0.0249337 -0.130486 0)
(-0.00830394 -0.0726098 0)
(-0.00101101 -0.020941 0)
(-0.000253695 0.029199 0)
(-0.00189716 0.0772468 0)
(-0.0055257 0.116143 0)
(-0.0106812 0.147168 0)
(-0.0170844 0.171653 0)
(-0.0244955 0.190888 0)
(-0.0326667 0.206016 0)
(-0.0413709 0.217962 0)
(-0.0504144 0.227401 0)
(-0.0596373 0.234764 0)
(-0.0689099 0.240276 0)
(-0.0781269 0.243998 0)
(-0.0872016 0.245888 0)
(-0.0960608 0.245843 0)
(-0.104642 0.24374 0)
(-0.11289 0.239464 0)
(-0.12076 0.23293 0)
(-0.128218 0.224092 0)
(-0.135239 0.212955 0)
(-0.141815 0.199574 0)
(-0.147951 0.18405 0)
(-0.153672 0.166529 0)
(-0.159015 0.147188 0)
(-0.164036 0.126228 0)
(-0.168803 0.103853 0)
(-0.173396 0.0802622 0)
(-0.177903 0.0556343 0)
(-0.182416 0.0301136 0)
(-0.187025 0.0038023 0)
(-0.191811 -0.0232465 0)
(-0.196837 -0.051029 0)
(-0.202137 -0.0795854 0)
(-0.2077 -0.108985 0)
(-0.213444 -0.139301 0)
(-0.219198 -0.170565 0)
(-0.224666 -0.202708 0)
(-0.229407 -0.235477 0)
(-0.232804 -0.268336 0)
(-0.234065 -0.300349 0)
(-0.232249 -0.330078 0)
(-0.226339 -0.355521 0)
(-0.215379 -0.374133 0)
(-0.198681 -0.38301 0)
(-0.176088 -0.37927 0)
(-0.148237 -0.360663 0)
(-0.116735 -0.326321 0)
(-0.0841123 -0.277424 0)
(-0.053446 -0.217424 0)
(-0.0276891 -0.151561 0)
(-0.00936035 -0.0857484 0)
(-0.00117674 -0.0253774 0)
(-0.000184844 0.0300719 0)
(-0.00149918 0.0797739 0)
(-0.00451125 0.120191 0)
(-0.00890422 0.15255 0)
(-0.0144656 0.178142 0)
(-0.0209874 0.198244 0)
(-0.0282385 0.214005 0)
(-0.035996 0.226374 0)
(-0.0440631 0.236056 0)
(-0.0522743 0.243515 0)
(-0.0604948 0.249002 0)
(-0.0686171 0.252604 0)
(-0.0765558 0.254295 0)
(-0.0842428 0.253986 0)
(-0.0916235 0.251564 0)
(-0.0986553 0.246927 0)
(-0.105306 0.239998 0)
(-0.111556 0.230744 0)
(-0.117398 0.219182 0)
(-0.122838 0.205382 0)
(-0.127897 0.189462 0)
(-0.132611 0.171581 0)
(-0.137029 0.151934 0)
(-0.141216 0.130732 0)
(-0.145247 0.108194 0)
(-0.149207 0.0845274 0)
(-0.153186 0.059916 0)
(-0.157282 0.0345065 0)
(-0.161591 0.00839767 0)
(-0.166204 -0.0183672 0)
(-0.171201 -0.0458049 0)
(-0.17664 -0.0739891 0)
(-0.182545 -0.103041 0)
(-0.188882 -0.133106 0)
(-0.195537 -0.164322 0)
(-0.202285 -0.196752 0)
(-0.208751 -0.230311 0)
(-0.214379 -0.264648 0)
(-0.218407 -0.299015 0)
(-0.219872 -0.332125 0)
(-0.217655 -0.362029 0)
(-0.210596 -0.386071 0)
(-0.197697 -0.400989 0)
(-0.178404 -0.403249 0)
(-0.152942 -0.38968 0)
(-0.122608 -0.358367 0)
(-0.0898531 -0.3096 0)
(-0.0579927 -0.246437 0)
(-0.0304801 -0.174405 0)
(-0.0104639 -0.100258 0)
(-0.00135702 -0.0303728 0)
(-0.000115902 0.0307306 0)
(-0.00109358 0.0817898 0)
(-0.00346617 0.123533 0)
(-0.00705801 0.157105 0)
(-0.0117252 0.183733 0)
(-0.0172947 0.204657 0)
(-0.0235551 0.221021 0)
(-0.030291 0.233784 0)
(-0.0373048 0.243676 0)
(-0.0444271 0.251193 0)
(-0.0515196 0.256615 0)
(-0.0584736 0.260055 0)
(-0.0652063 0.26151 0)
(-0.071656 0.260907 0)
(-0.0777782 0.258149 0)
(-0.0835432 0.253145 0)
(-0.0889342 0.24583 0)
(-0.0939474 0.236186 0)
(-0.0985918 0.224242 0)
(-0.102889 0.21008 0)
(-0.106876 0.193833 0)
(-0.110598 0.175675 0)
(-0.114116 0.155811 0)
(-0.1175 0.134464 0)
(-0.120829 0.111863 0)
(-0.124188 0.0882226 0)
(-0.127669 0.0637316 0)
(-0.131367 0.0385397 0)
(-0.135379 0.0127446 0)
(-0.1398 -0.013616 0)
(-0.144718 -0.0405716 0)
(-0.150209 -0.0682197 0)
(-0.156324 -0.0967205 0)
(-0.163071 -0.126282 0)
(-0.170391 -0.157131 0)
(-0.178127 -0.189458 0)
(-0.185985 -0.22334 0)
(-0.193489 -0.258626 0)
(-0.199943 -0.294792 0)
(-0.20441 -0.330761 0)
(-0.205725 -0.364729 0)
(-0.202583 -0.394042 0)
(-0.193714 -0.415193 0)
(-0.17817 -0.424073 0)
(-0.155718 -0.416572 0)
(-0.127234 -0.389579 0)
(-0.0949573 -0.34221 0)
(-0.0623275 -0.276794 0)
(-0.0332655 -0.198918 0)
(-0.0116042 -0.116142 0)
(-0.00155133 -0.0359514 0)
(-4.90319e-05 0.0311747 0)
(-0.000692305 0.0832857 0)
(-0.00241963 0.126146 0)
(-0.00519141 0.160796 0)
(-0.00893171 0.188377 0)
(-0.0135044 0.210071 0)
(-0.0187208 0.226999 0)
(-0.0243759 0.240122 0)
(-0.0302744 0.250191 0)
(-0.0362451 0.257728 0)
(-0.0421479 0.263046 0)
(-0.0478748 0.266288 0)
(-0.0533468 0.267474 0)
(-0.05851 0.266554 0)
(-0.0633313 0.263448 0)
(-0.0677952 0.258081 0)
(-0.0719011 0.250402 0)
(-0.0756624 0.240404 0)
(-0.079105 0.22813 0)
(-0.0822669 0.213674 0)
(-0.085197 0.197182 0)
(-0.0879542 0.178836 0)
(-0.0906057 0.158852 0)
(-0.0932261 0.137463 0)
(-0.0958952 0.114901 0)
(-0.0986976 0.0913868 0)
(-0.101721 0.0671143 0)
(-0.105055 0.0422352 0)
(-0.108794 0.0168482 0)
(-0.113029 -0.00901094 0)
(-0.117851 -0.0353783 0)
(-0.123345 -0.0623659 0)
(-0.129581 -0.0901616 0)
(-0.136599 -0.119021 0)
(-0.144387 -0.149243 0)
(-0.152856 -0.181129 0)
(-0.161792 -0.214911 0)
(-0.170814 -0.25064 0)
(-0.179316 -0.288031 0)
(-0.186429 -0.326267 0)
(-0.191001 -0.363772 0)
(-0.191644 -0.398008 0)
(-0.186874 -0.425359 0)
(-0.175384 -0.441262 0)
(-0.156455 -0.440713 0)
(-0.130461 -0.419306 0)
(-0.0992891 -0.374712 0)
(-0.0663633 -0.308155 0)
(-0.0360066 -0.224958 0)
(-0.0127713 -0.133386 0)
(-0.00175919 -0.0421325 0)
(1.36209e-05 0.0314103 0)
(-0.000307537 0.0842674 0)
(-0.00140203 0.128029 0)
(-0.00335608 0.163609 0)
(-0.00615839 0.192044 0)
(-0.00971008 0.214445 0)
(-0.0138475 0.231891 0)
(-0.0183793 0.245336 0)
(-0.0231153 0.255544 0)
(-0.0278858 0.263065 0)
(-0.0325511 0.268243 0)
(-0.0370053 0.271251 0)
(-0.0411749 0.272141 0)
(-0.0450153 0.270888 0)
(-0.0485058 0.267431 0)
(-0.0516461 0.261713 0)
(-0.0544528 0.253698 0)
(-0.0569567 0.243392 0)
(-0.0592011 0.230852 0)
(-0.0612396 0.21618 0)
(-0.0631342 0.199531 0)
(-0.064954 0.181097 0)
(-0.0667731 0.161098 0)
(-0.0686691 0.13977 0)
(-0.0707217 0.117352 0)
(-0.0730117 0.0940655 0)
(-0.0756211 0.0701064 0)
(-0.0786328 0.0456285 0)
(-0.0821314 0.0207326 0)
(-0.0862033 -0.00454521 0)
(-0.0909357 -0.0302423 0)
(-0.096415 -0.0564777 0)
(-0.102721 -0.0834557 0)
(-0.109916 -0.111464 0)
(-0.118027 -0.140858 0)
(-0.127021 -0.172032 0)
(-0.136763 -0.205353 0)
(-0.146968 -0.241061 0)
(-0.157138 -0.27912 0)
(-0.166504 -0.319 0)
(-0.173979 -0.359423 0)
(-0.178159 -0.398074 0)
(-0.177416 -0.431379 0)
(-0.170135 -0.454472 0)
(-0.155123 -0.461563 0)
(-0.132191 -0.446921 0)
(-0.10274 -0.406543 0)
(-0.0700253 -0.340137 0)
(-0.0386692 -0.25235 0)
(-0.013957 -0.151956 0)
(-0.0019803 -0.0489311 0)
(6.99249e-05 0.0314496 0)
(4.85292e-05 0.0847557 0)
(-0.000444501 0.129198 0)
(-0.00160589 0.16555 0)
(-0.00348227 0.19473 0)
(-0.0060107 0.217759 0)
(-0.00905391 0.235667 0)
(-0.012437 0.249389 0)
(-0.0159786 0.259696 0)
(-0.0195133 0.267162 0)
(-0.0229049 0.272164 0)
(-0.0260519 0.274909 0)
(-0.0288881 0.27548 0)
(-0.0313791 0.273881 0)
(-0.0335178 0.270076 0)
(-0.03532 0.264026 0)
(-0.0368195 0.255712 0)
(-0.0380651 0.245154 0)
(-0.0391173 0.232418 0)
(-0.0400451 0.217615 0)
(-0.0409228 0.200906 0)
(-0.0418291 0.182487 0)
(-0.0428444 0.162582 0)
(-0.0440483 0.141427 0)
(-0.0455195 0.119259 0)
(-0.0473346 0.0963017 0)
(-0.0495685 0.0727502 0)
(-0.0522953 0.0487592 0)
(-0.0555898 0.0244308 0)
(-0.0595285 -0.000196318 0)
(-0.0641911 -0.0251576 0)
(-0.0696596 -0.050573 0)
(-0.0760161 -0.0766541 0)
(-0.0833354 -0.103707 0)
(-0.091672 -0.132129 0)
(-0.101037 -0.162381 0)
(-0.111365 -0.194945 0)
(-0.122463 -0.230234 0)
(-0.133947 -0.268446 0)
(-0.145172 -0.309356 0)
(-0.155155 -0.352026 0)
(-0.16254 -0.394464 0)
(-0.165633 -0.433283 0)
(-0.16258 -0.463497 0)
(-0.151755 -0.478687 0)
(-0.13237 -0.471848 0)
(-0.105232 -0.437134 0)
(-0.0732539 -0.372324 0)
(-0.0412271 -0.280887 0)
(-0.0151558 -0.171803 0)
(-0.00221483 -0.0563593 0)
(0.000118193 0.0313113 0)
(0.000364383 0.0847874 0)
(0.000421459 0.129691 0)
(3.29606e-06 0.16665 0)
(-0.000983831 0.196449 0)
(-0.00251011 0.220016 0)
(-0.00446456 0.238316 0)
(-0.00669101 0.25226 0)
(-0.00902066 0.26262 0)
(-0.0112962 0.26999 0)
(-0.013388 0.274779 0)
(-0.015202 0.277231 0)
(-0.016681 0.277465 0)
(-0.0178025 0.275514 0)
(-0.0185739 0.271369 0)
(-0.0190275 0.265012 0)
(-0.0192145 0.256442 0)
(-0.0192007 0.245691 0)
(-0.019065 0.232837 0)
(-0.0188909 0.217993 0)
(-0.0187638 0.201325 0)
(-0.018772 0.18303 0)
(-0.0190014 0.16333 0)
(-0.0195338 0.14246 0)
(-0.0204465 0.120653 0)
(-0.0218115 0.0981286 0)
(-0.0236969 0.0750804 0)
(-0.0261676 0.0516619 0)
(-0.0292874 0.0279761 0)
(-0.0331217 0.00406444 0)
(-0.0377393 -0.0201047 0)
(-0.0432138 -0.0446479 0)
(-0.049623 -0.0697765 0)
(-0.0570453 -0.0958052 0)
(-0.0655506 -0.123154 0)
(-0.0751828 -0.152334 0)
(-0.0859313 -0.183917 0)
(-0.0976863 -0.218458 0)
(-0.110176 -0.256374 0)
(-0.122888 -0.297733 0)
(-0.134977 -0.341969 0)
(-0.145189 -0.387486 0)
(-0.151838 -0.43122 0)
(-0.152919 -0.468257 0)
(-0.146428 -0.491761 0)
(-0.130987 -0.493575 0)
(-0.106711 -0.465924 0)
(-0.0760051 -0.404275 0)
(-0.0436628 -0.310338 0)
(-0.0163661 -0.192871 0)
(-0.00246366 -0.0644277 0)
(0.00015654 0.0310207 0)
(0.000627092 0.0844154 0)
(0.00116314 0.129571 0)
(0.00141462 0.166962 0)
(0.00125326 0.197244 0)
(0.000683026 0.221239 0)
(-0.000209487 0.239847 0)
(-0.00128887 0.253944 0)
(-0.00240281 0.264301 0)
(-0.00340624 0.271528 0)
(-0.00418019 0.276067 0)
(-0.00464117 0.278198 0)
(-0.00474377 0.278077 0)
(-0.00447893 0.27577 0)
(-0.00386949 0.271298 0)
(-0.00296457 0.264664 0)
(-0.00183292 0.255886 0)
(-0.000555348 0.245007 0)
(0.000768937 0.23211 0)
(0.00204202 0.217319 0)
(0.00317114 0.200796 0)
(0.00405709 0.182735 0)
(0.00460848 0.163356 0)
(0.00474141 0.142885 0)
(0.00437977 0.12155 0)
(0.00345528 0.0995654 0)
(0.0019066 0.0771185 0)
(-0.000322555 0.0543606 0)
(-0.00328559 0.0313942 0)
(-0.0070359 0.00826307 0)
(-0.0116301 -0.0150603 0)
(-0.0171301 -0.0386863 0)
(-0.0236046 -0.0628215 0)
(-0.0311281 -0.0877801 0)
(-0.039776 -0.113992 0)
(-0.0496119 -0.142 0)
(-0.0606663 -0.172438 0)
(-0.072898 -0.205978 0)
(-0.0861377 -0.243219 0)
(-0.100007 -0.284509 0)
(-0.113817 -0.329651 0)
(-0.126458 -0.377496 0)
(-0.136328 -0.425423 0)
(-0.141356 -0.468784 0)
(-0.139244 -0.500564 0)
(-0.128052 -0.511657 0)
(-0.107143 -0.492374 0)
(-0.0782481 -0.435533 0)
(-0.0459688 -0.340454 0)
(-0.0175916 -0.215094 0)
(-0.00272872 -0.0731484 0)
(0.000183221 0.0306089 0)
(0.000824311 0.0837087 0)
(0.00174593 0.128921 0)
(0.00256658 0.16657 0)
(0.00314066 0.197183 0)
(0.00345562 0.221478 0)
(0.00357631 0.240288 0)
(0.00361652 0.254453 0)
(0.00370935 0.264736 0)
(0.00398237 0.271765 0)
(0.00453889 0.276011 0)
(0.00544769 0.277791 0)
(0.00673935 0.277299 0)
(0.00840736 0.274636 0)
(0.0104125 0.269851 0)
(0.0126884 0.262973 0)
(0.015149 0.254036 0)
(0.017695 0.243095 0)
(0.020215 0.230237 0)
(0.0225974 0.215592 0)
(0.0247353 0.199318 0)
(0.0265227 0.181603 0)
(0.0278631 0.162657 0)
(0.0286702 0.142701 0)
(0.0288681 0.121952 0)
(0.0283915 0.100614 0)
(0.0271846 0.0788701 0)
(0.0251988 0.0568645 0)
(0.0223904 0.0346983 0)
(0.0187172 0.012416 0)
(0.0141356 -0.0100058 0)
(0.00859672 -0.0326711 0)
(0.00204454 -0.0557784 0)
(-0.00558613 -0.0796359 0)
(-0.0143675 -0.104673 0)
(-0.024372 -0.131447 0)
(-0.0356566 -0.160633 0)
(-0.0482332 -0.192983 0)
(-0.0620202 -0.22925 0)
(-0.0767665 -0.270021 0)
(-0.0919462 -0.315455 0)
(-0.106629 -0.364876 0)
(-0.119354 -0.416189 0)
(-0.128076 -0.465198 0)
(-0.130299 -0.504969 0)
(-0.123581 -0.525722 0)
(-0.106501 -0.515965 0)
(-0.0799586 -0.465628 0)
(-0.0481462 -0.370967 0)
(-0.0188419 -0.238408 0)
(-0.00301332 -0.0825377 0)
(0.000196273 0.0301136 0)
(0.00094238 0.0827537 0)
(0.00213266 0.12785 0)
(0.0033934 0.165582 0)
(0.00458375 0.196359 0)
(0.0056864 0.220805 0)
(0.00675005 0.239686 0)
(0.00786673 0.25381 0)
(0.00914639 0.263932 0)
(0.0106936 0.270695 0)
(0.0125904 0.274598 0)
(0.0148854 0.275993 0)
(0.0175907 0.275113 0)
(0.0206814 0.272093 0)
(0.0241004 0.267013 0)
(0.0277639 0.259925 0)
(0.0315685 0.25088 0)
(0.0353978 0.239944 0)
(0.0391279 0.227209 0)
(0.0426346 0.212802 0)
(0.0457984 0.196878 0)
(0.0485065 0.179617 0)
(0.0506572 0.161219 0)
(0.0521612 0.141892 0)
(0.0529424 0.121841 0)
(0.0529375 0.101261 0)
(0.0520947 0.080323 0)
(0.0503719 0.0591653 0)
(0.0477337 0.0378847 0)
(0.0441487 0.0165247 0)
(0.0395852 -0.00493535 0)
(0.0340084 -0.0265932 0)
(0.0273765 -0.0486389 0)
(0.0196375 -0.0713707 0)
(0.0107282 -0.0952109 0)
(0.000577129 -0.120717 0)
(-0.0108868 -0.148583 0)
(-0.0237133 -0.179617 0)
(-0.0378915 -0.21468 0)
(-0.0532846 -0.25456 0)
(-0.0695275 -0.299739 0)
(-0.0858865 -0.350002 0)
(-0.101094 -0.403848 0)
(-0.113215 -0.457683 0)
(-0.119663 -0.504927 0)
(-0.117574 -0.535455 0)
(-0.104747 -0.5362 0)
(-0.0811108 -0.494069 0)
(-0.0502022 -0.40159 0)
(-0.0201333 -0.262752 0)
(-0.00332267 -0.0926199 0)
(0.000193298 0.02958 0)
(0.00096498 0.0816571 0)
(0.00228013 0.126495 0)
(0.0038205 0.164139 0)
(0.00547751 0.194896 0)
(0.0072441 0.219314 0)
(0.00916007 0.238107 0)
(0.011296 0.252054 0)
(0.0137342 0.261905 0)
(0.01655 0.268316 0)
(0.0197968 0.271814 0)
(0.0234975 0.272786 0)
(0.0276401 0.271497 0)
(0.0321784 0.268121 0)
(0.0370354 0.262764 0)
(0.0421091 0.255501 0)
(0.047279 0.2464 0)
(0.0524135 0.235536 0)
(0.0573754 0.223003 0)
(0.062029 0.208927 0)
(0.0662446 0.193453 0)
(0.0699025 0.176753 0)
(0.0728957 0.159013 0)
(0.0751317 0.140428 0)
(0.0765336 0.121188 0)
(0.077039 0.101475 0)
(0.0765993 0.0814474 0)
(0.0751772 0.0612361 0)
(0.0727446 0.0409305 0)
(0.0692792 0.0205715 0)
(0.064761 0.000138875 0)
(0.0591686 -0.0204602 0)
(0.0524746 -0.0414077 0)
(0.0446424 -0.0629904 0)
(0.0356218 -0.0856182 0)
(0.0253484 -0.109839 0)
(0.0137471 -0.13635 0)
(0.000744323 -0.165985 0)
(-0.0137036 -0.199679 0)
(-0.0295571 -0.238372 0)
(-0.0466018 -0.282817 0)
(-0.064307 -0.333236 0)
(-0.0816361 -0.388742 0)
(-0.0968406 -0.446469 0)
(-0.107352 -0.500451 0)
(-0.109994 -0.54059 0)
(-0.101817 -0.55259 0)
(-0.0816642 -0.520338 0)
(-0.0521465 -0.432009 0)
(-0.0214909 -0.288067 0)
(-0.00366468 -0.103431 0)
(0.000170905 0.0290625 0)
(0.000870819 0.0805491 0)
(0.0021344 0.125023 0)
(0.0037584 0.16241 0)
(0.00570051 0.192944 0)
(0.00798208 0.217125 0)
(0.010642 0.235634 0)
(0.0137293 0.249232 0)
(0.0172935 0.258672 0)
(0.0213726 0.264626 0)
(0.0259834 0.267644 0)
(0.031115 0.268144 0)
(0.036726 0.266425 0)
(0.0427445 0.262692 0)
(0.0490711 0.257077 0)
(0.0555849 0.249677 0)
(0.0621487 0.240573 0)
(0.0686162 0.229847 0)
(0.0748382 0.217596 0)
(0.0806686 0.203937 0)
(0.0859691 0.189011 0)
(0.0906135 0.172975 0)
(0.09449 0.156001 0)
(0.0975033 0.138266 0)
(0.0995749 0.119946 0)
(0.100643 0.101208 0)
(0.100661 0.0821965 0)
(0.0995959 0.0630306 0)
(0.0974253 0.0437917 0)
(0.094135 0.0245154 0)
(0.0897155 0.00518028 0)
(0.0841574 -0.0143042 0)
(0.0774478 -0.0341129 0)
(0.0695651 -0.0545208 0)
(0.0604737 -0.0759225 0)
(0.05012 -0.0988502 0)
(0.0384312 -0.123988 0)
(0.0253205 -0.152175 0)
(0.0107046 -0.184383 0)
(-0.00545674 -0.221657 0)
(-0.0230839 -0.264963 0)
(-0.0418456 -0.314908 0)
(-0.0609585 -0.371208 0)
(-0.0789264 -0.431809 0)
(-0.0933081 -0.491596 0)
(-0.100742 -0.5409 0)
(-0.0975992 -0.564642 0)
(-0.0815492 -0.543873 0)
(-0.0539847 -0.461865 0)
(-0.0229501 -0.314302 0)
(-0.00405143 -0.115027 0)
(0.000123791 0.0286275 0)
(0.000629763 0.0795906 0)
(0.0016235 0.123639 0)
(0.00309333 0.160603 0)
(0.00510574 0.190685 0)
(0.0077307 0.214378 0)
(0.0110133 0.232359 0)
(0.0149798 0.245396 0)
(0.0196391 0.254253 0)
(0.0249822 0.259618 0)
(0.0309793 0.262063 0)
(0.037577 0.262035 0)
(0.0446974 0.259861 0)
(0.0522381 0.255769 0)
(0.0600751 0.249918 0)
(0.0680668 0.24242 0)
(0.0760598 0.233367 0)
(0.0838943 0.222846 0)
(0.0914103 0.210953 0)
(0.0984528 0.1978 0)
(0.104877 0.183515 0)
(0.11055 0.168241 0)
(0.115358 0.152134 0)
(0.119202 0.135354 0)
(0.122003 0.11806 0)
(0.1237 0.1004 0)
(0.124247 0.0825059 0)
(0.123614 0.0644821 0)
(0.121786 0.0464002 0)
(0.118754 0.0282884 0)
(0.114517 0.0101216 0)
(0.109078 -0.00819022 0)
(0.102437 -0.0268161 0)
(0.0945843 -0.0460198 0)
(0.0854991 -0.0661792 0)
(0.075139 -0.0878056 0)
(0.0634363 -0.111561 0)
(0.0502975 -0.138268 0)
(0.035611 -0.168909 0)
(0.0192731 -0.204583 0)
(0.00124718 -0.24641 0)
(-0.0183226 -0.295313 0)
(-0.0389148 -0.351566 0)
(-0.0593366 -0.413967 0)
(-0.0773793 -0.478447 0)
(-0.089638 -0.536176 0)
(-0.0919117 -0.571847 0)
(-0.0806475 -0.564038 0)
(-0.0557106 -0.490731 0)
(-0.0245612 -0.3414 0)
(-0.00450203 -0.127487 0)
(4.40576e-05 0.028359 0)
(0.000197191 0.078986 0)
(0.000645575 0.122595 0)
(0.00167301 0.158964 0)
(0.00350733 0.188324 0)
(0.00628744 0.211224 0)
(0.0100674 0.228382 0)
(0.0148457 0.240597 0)
(0.02058 0.248659 0)
(0.0272012 0.253275 0)
(0.034621 0.255039 0)
(0.0427337 0.254417 0)
(0.0514172 0.251757 0)
(0.0605337 0.247308 0)
(0.0699313 0.241243 0)
(0.0794471 0.233689 0)
(0.0889116 0.224744 0)
(0.0981528 0.214496 0)
(0.107002 0.203039 0)
(0.115296 0.190475 0)
(0.122887 0.17692 0)
(0.129638 0.162502 0)
(0.135432 0.147358 0)
(0.140169 0.131631 0)
(0.143771 0.11546 0)
(0.146176 0.0989757 0)
(0.147341 0.0822924 0)
(0.147241 0.0655009 0)
(0.145862 0.0486604 0)
(0.143204 0.0317898 0)
(0.139274 0.0148589 0)
(0.134082 -0.00222351 0)
(0.127637 -0.019621 0)
(0.119943 -0.0375879 0)
(0.110989 -0.0564844 0)
(0.10074 -0.076797 0)
(0.0891339 -0.0991578 0)
(0.0760727 -0.124361 0)
(0.0614232 -0.153367 0)
(0.0450315 -0.187294 0)
(0.0267629 -0.227354 0)
(0.00659345 -0.274705 0)
(-0.015214 -0.330108 0)
(-0.0378036 -0.393199 0)
(-0.0592943 -0.4611 0)
(-0.0763924 -0.526217 0)
(-0.0844757 -0.573653 0)
(-0.0787682 -0.580098 0)
(-0.0572933 -0.518074 0)
(-0.0263962 -0.369296 0)
(-0.00504821 -0.140929 0)
(-7.99668e-05 0.0283758 0)
(-0.000495699 0.0789958 0)
(-0.000950151 0.122201 0)
(-0.000712978 0.157778 0)
(0.000663903 0.186096 0)
(0.00340507 0.207828 0)
(0.00756674 0.223796 0)
(0.0131095 0.234872 0)
(0.019922 0.241884 0)
(0.0278587 0.245563 0)
(0.0367591 0.246519 0)
(0.0464544 0.245229 0)
(0.0567706 0.242053 0)
(0.0675294 0.237249 0)
(0.0785486 0.231 0)
(0.0896434 0.223437 0)
(0.100629 0.21466 0)
(0.111322 0.204756 0)
(0.121548 0.193812 0)
(0.131141 0.181919 0)
(0.139948 0.169179 0)
(0.147832 0.155703 0)
(0.154677 0.141611 0)
(0.160383 0.127025 0)
(0.164872 0.112063 0)
(0.168087 0.0968395 0)
(0.169986 0.0814496 0)
(0.170547 0.0659687 0)
(0.169762 0.0504428 0)
(0.167634 0.0348807 0)
(0.164178 0.0192457 0)
(0.15941 0.00344479 0)
(0.153345 -0.0126819 0)
(0.145993 -0.0293779 0)
(0.137348 -0.0469849 0)
(0.127381 -0.0659622 0)
(0.116029 -0.0869063 0)
(0.103187 -0.11057 0)
(0.0887041 -0.137877 0)
(0.072383 -0.169924 0)
(0.0540082 -0.20796 0)
(0.0334092 -0.253298 0)
(0.0106057 -0.30709 0)
(-0.0139017 -0.369743 0)
(-0.038637 -0.439655 0)
(-0.0605795 -0.510818 0)
(-0.0748828 -0.569452 0)
(-0.0756135 -0.591176 0)
(-0.058656 -0.543199 0)
(-0.0285584 -0.397886 0)
(-0.00574442 -0.155535 0)
(-0.000282574 0.0288434 0)
(-0.0015709 0.0799708 0)
(-0.00338913 0.122848 0)
(-0.00435262 0.157385 0)
(-0.00373414 0.184243 0)
(-0.00122152 0.204336 0)
(0.00323979 0.218673 0)
(0.00954253 0.228227 0)
(0.0174787 0.233893 0)
(0.0268052 0.236422 0)
(0.0372751 0.236429 0)
(0.0486457 0.234395 0)
(0.0606842 0.230674 0)
(0.0731677 0.225524 0)
(0.0858823 0.219126 0)
(0.0986218 0.211607 0)
(0.111187 0.203064 0)
(0.123389 0.193577 0)
(0.135047 0.183223 0)
(0.145994 0.17208 0)
(0.15608 0.160234 0)
(0.16517 0.147779 0)
(0.173148 0.134815 0)
(0.17992 0.121444 0)
(0.18541 0.107764 0)
(0.189565 0.09387 0)
(0.192348 0.0798388 0)
(0.19374 0.0657299 0)
(0.193738 0.0515755 0)
(0.192348 0.0373742 0)
(0.189588 0.0230827 0)
(0.185476 0.00860666 0)
(0.180032 -0.00621075 0)
(0.173264 -0.0216005 0)
(0.165166 -0.0378842 0)
(0.155705 -0.0554913 0)
(0.144813 -0.0749782 0)
(0.132372 -0.0970485 0)
(0.11821 -0.122572 0)
(0.102092 -0.152599 0)
(0.0837326 -0.188365 0)
(0.0628369 -0.231263 0)
(0.0392084 -0.282725 0)
(0.0129892 -0.343818 0)
(-0.0148114 -0.414196 0)
(-0.0416008 -0.489758 0)
(-0.062552 -0.558559 0)
(-0.0707309 -0.59621 0)
(-0.059639 -0.565169 0)
(-0.0311911 -0.426985 0)
(-0.00668518 -0.171574 0)
(-0.0006133 0.0300073 0)
(-0.00321528 0.0823977 0)
(-0.00700375 0.125028 0)
(-0.00965753 0.158168 0)
(-0.0100962 0.182999 0)
(-0.00794113 0.200858 0)
(-0.00319563 0.213024 0)
(0.00393111 0.220621 0)
(0.0131059 0.224604 0)
(0.0239533 0.225749 0)
(0.036127 0.224664 0)
(0.0493012 0.22181 0)
(0.0631794 0.217524 0)
(0.077493 0.212046 0)
(0.0919969 0.205543 0)
(0.106465 0.19813 0)
(0.120689 0.189892 0)
(0.134474 0.180897 0)
(0.14764 0.171208 0)
(0.160023 0.160889 0)
(0.171477 0.150008 0)
(0.181873 0.13864 0)
(0.191102 0.126866 0)
(0.199075 0.114767 0)
(0.205723 0.102422 0)
(0.210996 0.0899056 0)
(0.214862 0.0772772 0)
(0.217308 0.0645803 0)
(0.218331 0.0518343 0)
(0.217941 0.039028 0)
(0.216154 0.0261129 0)
(0.212989 0.0129941 0)
(0.20846 -0.000478985 0)
(0.20257 -0.0145241 0)
(0.195305 -0.0294406 0)
(0.186621 -0.0456248 0)
(0.176435 -0.0635887 0)
(0.16461 -0.0839801 0)
(0.150946 -0.107604 0)
(0.135169 -0.135443 0)
(0.116933 -0.168682 0)
(0.0958352 -0.208723 0)
(0.0714918 -0.257164 0)
(0.0437261 -0.315595 0)
(0.0130151 -0.384823 0)
(-0.0186348 -0.462803 0)
(-0.0466713 -0.540201 0)
(-0.0634406 -0.593896 0)
(-0.0599326 -0.582703 0)
(-0.034473 -0.456247 0)
(-0.00803056 -0.189466 0)
(-0.00116589 0.0322582 0)
(-0.00573549 0.0869497 0)
(-0.0122832 0.129347 0)
(-0.0171658 0.160525 0)
(-0.0189025 0.182562 0)
(-0.0171239 0.197429 0)
(-0.0119662 0.206775 0)
(-0.00382379 0.211916 0)
(0.00680076 0.213858 0)
(0.0193905 0.213382 0)
(0.0334739 0.211067 0)
(0.0486367 0.207333 0)
(0.0645189 0.202476 0)
(0.0808085 0.196703 0)
(0.0972331 0.190151 0)
(0.113552 0.182913 0)
(0.12955 0.175055 0)
(0.145032 0.166626 0)
(0.159824 0.157674 0)
(0.17377 0.148243 0)
(0.186731 0.138385 0)
(0.198587 0.128155 0)
(0.209239 0.117614 0)
(0.218605 0.106824 0)
(0.226623 0.0958441 0)
(0.23325 0.0847298 0)
(0.238458 0.0735251 0)
(0.242235 0.0622584 0)
(0.24458 0.0509378 0)
(0.245502 0.0395444 0)
(0.245012 0.0280262 0)
(0.243122 0.0162906 0)
(0.239838 0.00419557 0)
(0.235151 -0.0084605 0)
(0.22903 -0.0219515 0)
(0.221413 -0.0366373 0)
(0.212194 -0.0529813 0)
(0.201208 -0.0715697 0)
(0.188223 -0.0931335 0)
(0.172923 -0.118574 0)
(0.154899 -0.148996 0)
(0.133659 -0.185753 0)
(0.108657 -0.230502 0)
(0.0794283 -0.285181 0)
(0.0459471 -0.351593 0)
(0.00945878 -0.429744 0)
(-0.0261043 -0.513521 0)
(-0.0527257 -0.582642 0)
(-0.0589593 -0.594036 0)
(-0.038569 -0.485012 0)
(-0.0100332 -0.20984 0)
(-0.0021157 0.0362293 0)
(-0.00962578 0.0945653 0)
(-0.0199092 0.136521 0)
(-0.0275189 0.164817 0)
(-0.0306055 0.182993 0)
(-0.0289791 0.193917 0)
(-0.0230487 0.199695 0)
(-0.0134812 0.201831 0)
(-0.00100722 0.201374 0)
(0.0136885 0.199058 0)
(0.0300071 0.195404 0)
(0.0474427 0.190756 0)
(0.065578 0.185347 0)
(0.0840654 0.179328 0)
(0.102613 0.172796 0)
(0.120972 0.16581 0)
(0.138927 0.158409 0)
(0.15629 0.150619 0)
(0.172897 0.142466 0)
(0.188601 0.133978 0)
(0.203276 0.125187 0)
(0.216814 0.116128 0)
(0.229126 0.106844 0)
(0.240139 0.0973786 0)
(0.249798 0.0877732 0)
(0.258066 0.0780661 0)
(0.264916 0.0682868 0)
(0.270338 0.0584518 0)
(0.274329 0.04856 0)
(0.27689 0.0385877 0)
(0.278026 0.0284823 0)
(0.277738 0.0181563 0)
(0.276017 0.00747959 0)
(0.272836 -0.00372975 0)
(0.268144 -0.0157173 0)
(0.261855 -0.0288021 0)
(0.253832 -0.0433944 0)
(0.24388 -0.060014 0)
(0.231727 -0.0793107 0)
(0.217008 -0.102092 0)
(0.199258 -0.129363 0)
(0.177898 -0.162385 0)
(0.152249 -0.20278 0)
(0.121593 -0.252654 0)
(0.0854307 -0.314541 0)
(0.0441867 -0.390372 0)
(0.000764829 -0.477639 0)
(-0.0370528 -0.560531 0)
(-0.0556698 -0.596734 0)
(-0.0434789 -0.512039 0)
(-0.0130383 -0.233574 0)
(-0.00378685 0.0429709 0)
(-0.0156606 0.106515 0)
(-0.0307398 0.147284 0)
(-0.0412833 0.171195 0)
(-0.0452992 0.184043 0)
(-0.0431037 0.189859 0)
(-0.0355899 0.191244 0)
(-0.0238078 0.189837 0)
(-0.00877239 0.18666 0)
(0.00864897 0.182349 0)
(0.0277347 0.177299 0)
(0.0478964 0.17175 0)
(0.0686767 0.165844 0)
(0.0897067 0.159659 0)
(0.110687 0.153236 0)
(0.131372 0.14659 0)
(0.151556 0.139726 0)
(0.171064 0.132646 0)
(0.189743 0.125353 0)
(0.207465 0.117853 0)
(0.224116 0.110161 0)
(0.239603 0.102296 0)
(0.253845 0.0942804 0)
(0.26678 0.0861427 0)
(0.27836 0.0779093 0)
(0.288549 0.0696043 0)
(0.297323 0.0612452 0)
(0.304667 0.0528393 0)
(0.310574 0.0443794 0)
(0.315038 0.0358395 0)
(0.318052 0.0271701 0)
(0.319602 0.0182917 0)
(0.319664 0.00908942 0)
(0.318189 -0.000595674 0)
(0.315105 -0.0109776 0)
(0.310298 -0.0223305 0)
(0.303603 -0.0350074 0)
(0.294789 -0.049456 0)
(0.283542 -0.0662384 0)
(0.269453 -0.0860584 0)
(0.251994 -0.109803 0)
(0.230507 -0.13861 0)
(0.204195 -0.173994 0)
(0.172134 -0.218061 0)
(0.133398 -0.273758 0)
(0.0875702 -0.344569 0)
(0.0361845 -0.431735 0)
(-0.0140681 -0.525381 0)
(-0.0481716 -0.587462 0)
(-0.0486766 -0.535007 0)
(-0.0173825 -0.261677 0)
(-0.00676936 0.0542459 0)
(-0.0249919 0.124388 0)
(-0.0455846 0.162087 0)
(-0.0583335 0.179206 0)
(-0.0617744 0.184775 0)
(-0.0572929 0.18415 0)
(-0.0465497 0.180329 0)
(-0.0310974 0.174942 0)
(-0.0122615 0.168856 0)
(0.00890573 0.162516 0)
(0.0315883 0.156127 0)
(0.0551599 0.149784 0)
(0.0791484 0.14351 0)
(0.10319 0.137294 0)
(0.127001 0.131108 0)
(0.150355 0.12492 0)
(0.173069 0.118697 0)
(0.19499 0.112412 0)
(0.215987 0.106046 0)
(0.23595 0.0995875 0)
(0.254785 0.0930327 0)
(0.272411 0.0863851 0)
(0.288761 0.0796542 0)
(0.303781 0.0728533 0)
(0.317427 0.0659966 0)
(0.329667 0.0590974 0)
(0.340477 0.0521641 0)
(0.349838 0.0451978 0)
(0.357736 0.038188 0)
(0.364157 0.0311096 0)
(0.369083 0.0239182 0)
(0.372488 0.0165456 0)
(0.37433 0.0088949 0)
(0.374541 0.00083345 0)
(0.37303 -0.00782026 0)
(0.369663 -0.0172905 0)
(0.364245 -0.0278692 0)
(0.356516 -0.0399272 0)
(0.346127 -0.0539315 0)
(0.332624 -0.0704723 0)
(0.315425 -0.0903034 0)
(0.293799 -0.114412 0)
(0.266842 -0.144149 0)
(0.233455 -0.181482 0)
(0.192357 -0.229436 0)
(0.142329 -0.292481 0)
(0.0833217 -0.375261 0)
(0.0198747 -0.475023 0)
(-0.0330238 -0.561842 0)
(-0.0524084 -0.549877 0)
(-0.0230474 -0.295068 0)
(-0.0120777 0.0729993 0)
(-0.0390956 0.149739 0)
(-0.064271 0.180276 0)
(-0.0760254 0.186929 0)
(-0.0750777 0.182831 0)
(-0.0647387 0.174472 0)
(-0.0477279 0.164888 0)
(-0.0261549 0.155412 0)
(-0.00161067 0.146548 0)
(0.0247531 0.138419 0)
(0.0521147 0.130983 0)
(0.0798869 0.124139 0)
(0.107649 0.117772 0)
(0.135096 0.111772 0)
(0.161997 0.10604 0)
(0.188177 0.100495 0)
(0.213496 0.0950685 0)
(0.237841 0.0897084 0)
(0.261114 0.0843754 0)
(0.283233 0.0790418 0)
(0.304127 0.0736906 0)
(0.323734 0.0683132 0)
(0.342003 0.0629079 0)
(0.358889 0.0574776 0)
(0.374358 0.0520274 0)
(0.38838 0.0465626 0)
(0.400933 0.0410856 0)
(0.411997 0.0355936 0)
(0.421554 0.0300757 0)
(0.429586 0.0245093 0)
(0.436067 0.0188575 0)
(0.440961 0.0130651 0)
(0.444218 0.0070545 0)
(0.445753 0.000716577 0)
(0.445467 -0.00607944 0)
(0.443212 -0.013517 0)
(0.438775 -0.0218254 0)
(0.431876 -0.0312932 0)
(0.422145 -0.0422855 0)
(0.409097 -0.0552685 0)
(0.392111 -0.0708471 0)
(0.370395 -0.0898308 0)
(0.342955 -0.113359 0)
(0.308541 -0.143149 0)
(0.265583 -0.182005 0)
(0.212168 -0.234679 0)
(0.146555 -0.308256 0)
(0.0704024 -0.407483 0)
(-0.00403587 -0.514843 0)
(-0.0505616 -0.550423 0)
(-0.0288649 -0.334681 0)
(-0.021116 0.1041 0)
(-0.0587051 0.182323 0)
(-0.0821411 0.197727 0)
(-0.0839907 0.188946 0)
(-0.0706385 0.17298 0)
(-0.0481474 0.15638 0)
(-0.020241 0.141404 0)
(0.0106815 0.128579 0)
(0.0430636 0.117776 0)
(0.0759251 0.108668 0)
(0.108654 0.100906 0)
(0.140865 0.0941846 0)
(0.172313 0.0882522 0)
(0.202836 0.0829081 0)
(0.232326 0.0779961 0)
(0.260702 0.0733953 0)
(0.287904 0.0690135 0)
(0.313879 0.064781 0)
(0.338581 0.0606465 0)
(0.36197 0.0565733 0)
(0.384005 0.0525364 0)
(0.404654 0.0485202 0)
(0.423884 0.0445163 0)
(0.441668 0.0405212 0)
(0.457984 0.0365344 0)
(0.47281 0.0325561 0)
(0.486132 0.0285854 0)
(0.497933 0.0246179 0)
(0.508199 0.0206437 0)
(0.516911 0.0166446 0)
(0.524044 0.0125921 0)
(0.529562 0.00844466 0)
(0.533408 0.00414615 0)
(0.535505 -0.000386271 0)
(0.535751 -0.00523724 0)
(0.533983 -0.0105443 0)
(0.529995 -0.0164734 0)
(0.523505 -0.0232293 0)
(0.514142 -0.0310723 0)
(0.501417 -0.0403369 0)
(0.484698 -0.0514639 0)
(0.463166 -0.0650571 0)
(0.435769 -0.0819931 0)
(0.401137 -0.103641 0)
(0.35747 -0.132335 0)
(0.302314 -0.172389 0)
(0.232431 -0.231773 0)
(0.14595 -0.321559 0)
(0.0491848 -0.440831 0)
(-0.034748 -0.527675 0)
(-0.0307187 -0.379814 0)
(-0.033904 0.156231 0)
(-0.0774573 0.214132 0)
(-0.0771014 0.199808 0)
(-0.0500353 0.171665 0)
(-0.011758 0.144793 0)
(0.0304121 0.122481 0)
(0.0732569 0.104906 0)
(0.115212 0.0912875 0)
(0.15556 0.0806972 0)
(0.194047 0.07235 0)
(0.230637 0.065645 0)
(0.265383 0.0601362 0)
(0.298372 0.0554955 0)
(0.32969 0.0514828 0)
(0.359414 0.0479232 0)
(0.387606 0.0446886 0)
(0.414309 0.0416855 0)
(0.439555 0.0388459 0)
(0.46336 0.0361205 0)
(0.485734 0.0334743 0)
(0.506678 0.0308835 0)
(0.526188 0.0283322 0)
(0.54426 0.0258109 0)
(0.560888 0.0233142 0)
(0.576065 0.0208395 0)
(0.589787 0.0183852 0)
(0.60205 0.0159491 0)
(0.612847 0.0135273 0)
(0.622173 0.0111123 0)
(0.630018 0.00869161 0)
(0.636363 0.00624596 0)
(0.641181 0.00374664 0)
(0.644419 0.00115329 0)
(0.646016 -0.00156585 0)
(0.645876 -0.00448232 0)
(0.643844 -0.00767752 0)
(0.639732 -0.0112518 0)
(0.633283 -0.0153301 0)
(0.624152 -0.0200703 0)
(0.611885 -0.0256757 0)
(0.595888 -0.0324165 0)
(0.575383 -0.0406715 0)
(0.549335 -0.0510082 0)
(0.516345 -0.0643484 0)
(0.474467 -0.0823336 0)
(0.420856 -0.108188 0)
(0.351166 -0.148834 0)
(0.259859 -0.218333 0)
(0.144201 -0.333685 0)
(0.0122815 -0.466402 0)
(-0.0153618 -0.41529 0)
(-0.0307609 0.237168 0)
(-0.0451954 0.219789 0)
(0.031481 0.158534 0)
(0.110051 0.117735 0)
(0.179493 0.0895201 0)
(0.240121 0.0693469 0)
(0.293198 0.0551403 0)
(0.339883 0.0451779 0)
(0.381306 0.0380736 0)
(0.418469 0.0328722 0)
(0.45217 0.0289522 0)
(0.483016 0.0259055 0)
(0.511458 0.0234582 0)
(0.537832 0.0214252 0)
(0.562385 0.0196799 0)
(0.585299 0.0181355 0)
(0.606702 0.0167317 0)
(0.626688 0.0154266 0)
(0.645322 0.0141911 0)
(0.66265 0.0130049 0)
(0.678701 0.0118549 0)
(0.693499 0.0107322 0)
(0.707058 0.00963177 0)
(0.71939 0.00855054 0)
(0.730505 0.00748697 0)
(0.740412 0.00643994 0)
(0.749119 0.00540807 0)
(0.756634 0.00438892 0)
(0.762959 0.0033783 0)
(0.768096 0.00236974 0)
(0.772034 0.00135387 0)
(0.774755 0.000320241 0)
(0.776238 -0.000748212 0)
(0.776433 -0.00187567 0)
(0.775244 -0.00309834 0)
(0.772561 -0.0044482 0)
(0.768234 -0.00596821 0)
(0.762054 -0.00771383 0)
(0.753745 -0.00975423 0)
(0.742942 -0.0121778 0)
(0.729167 -0.0151027 0)
(0.711788 -0.0186975 0)
(0.689947 -0.0232229 0)
(0.662431 -0.0291189 0)
(0.627445 -0.0372091 0)
(0.582099 -0.0491937 0)
(0.521508 -0.0691241 0)
(0.436765 -0.107877 0)
(0.314424 -0.192106 0)
(0.133811 -0.335771 0)
(0.0597461 -0.38422 0)
(0.252246 0.147815 0)
(0.315315 0.119517 0)
(0.455838 0.0761051 0)
(0.557259 0.0495324 0)
(0.623292 0.0331681 0)
(0.670034 0.0225921 0)
(0.705537 0.0157988 0)
(0.733533 0.0114908 0)
(0.75632 0.00873963 0)
(0.775469 0.00694161 0)
(0.792012 0.00572869 0)
(0.806612 0.00487831 0)
(0.819702 0.00425435 0)
(0.831572 0.00377297 0)
(0.842417 0.00338229 0)
(0.85237 0.00304999 0)
(0.861525 0.00275573 0)
(0.869944 0.00248661 0)
(0.877673 0.00223445 0)
(0.884742 0.00199412 0)
(0.891173 0.00176249 0)
(0.896986 0.00153777 0)
(0.902192 0.00131903 0)
(0.906804 0.00110587 0)
(0.910834 0.00089812 0)
(0.914291 0.000695655 0)
(0.917186 0.000498151 0)
(0.919528 0.000304915 0)
(0.921324 0.000114679 0)
(0.922578 -7.4395e-05 0)
(0.923292 -0.000264524 0)
(0.92346 -0.000455887 0)
(0.92306 -0.000645714 0)
(0.922064 -0.000858217 0)
(0.920437 -0.00109664 0)
(0.918117 -0.00136493 0)
(0.915021 -0.00167213 0)
(0.911039 -0.0020306 0)
(0.906027 -0.00245539 0)
(0.8998 -0.00296532 0)
(0.892115 -0.00358561 0)
(0.882652 -0.00435281 0)
(0.870972 -0.00532523 0)
(0.856435 -0.00660422 0)
(0.838052 -0.00838846 0)
(0.814022 -0.0110968 0)
(0.780983 -0.0158031 0)
(0.730405 -0.0254051 0)
(0.646008 -0.0496631 0)
(0.461178 -0.111903 0)
(0.326769 -0.164539 0)
)
;

boundaryField
{
    movingWall
    {
        type            fixedValue;
        value           uniform (1 0 0);
    }
    fixedWalls
    {
        type            noSlip;
    }
    frontAndBack
    {
        type            empty;
    }
}


// ************************************************************************* //
